line_number,six_count
1,40
2,42
3,45
4,46
5,37
6,51
7,46
8,43
9,32
10,39
11,38
12,48
13,45
14,36
15,55
16,45
17,39
18,38
19,42
20,39
21,46
22,47
23,39
24,42
25,45
26,52
27,44
28,44
29,42
30,40
31,45
32,29
33,47
34,56
35,42
36,38
37,47
38,47
39,37
40,38
41,39
42,36
43,37
44,46
45,33
46,42
47,44
48,38
49,40
50,45
51,39
52,56
53,40
54,49
55,39
56,41
57,38
58,46
59,48
60,44
61,44
62,47
63,48
64,51
65,43
66,53
67,49
68,50
69,37
70,43
71,36
72,41
73,50
74,31
75,47
76,42
77,46
78,37
79,40
80,37
81,50
82,52
83,40
84,47
85,46
86,50
87,46
88,44
89,43
90,45
91,42
92,35
93,37
94,36
95,44
96,41
97,37
98,47
99,51
100,42
101,37
102,48
103,37
104,47
105,39
106,34
107,41
108,37
109,44
110,39
111,52
112,52
113,45
114,48
115,42
116,40
117,41
118,46
119,39
120,39
121,44
122,39
123,51
124,42
125,44
126,43
127,52
128,47
129,43
130,51
131,40
132,47
133,37
134,44
135,42
136,45
137,39
138,51
139,42
140,47
141,34
142,33
143,37
144,45
145,36
146,47
147,43
148,43
149,47
150,56
151,39
152,44
153,43
154,38
155,48
156,46
157,37
158,41
159,52
160,41
161,43
162,36
163,38
164,50
165,38
166,42
167,33
168,36
169,49
170,38
171,41
172,34
173,31
174,49
175,44
176,26
177,29
178,38
179,38
180,27
181,40
182,37
183,39
184,50
185,45
186,33
187,31
188,29
189,50
190,43
191,45
192,39
193,45
194,41
195,36
196,48
197,39
198,29
199,43
200,49
201,44
202,38
203,34
204,42
205,38
206,42
207,37
208,55
209,42
210,42
211,42
212,45
213,44
214,43
215,44
216,39
217,42
218,49
219,40
220,49
221,40
222,36
223,49
224,41
225,42
226,50
227,41
228,32
229,46
230,33
231,34
232,42
233,35
234,45
235,28
236,43
237,40
238,38
239,42
240,38
241,37
242,47
243,41
244,46
245,33
246,42
247,44
248,42
249,38
250,59
251,39
252,46
253,40
254,37
255,47
256,46
257,52
258,35
259,45
260,45
261,40
262,45
263,30
264,46
265,36
266,44
267,37
268,43
269,43
270,44
271,38
272,39
273,42
274,40
275,50
276,42
277,41
278,52
279,44
280,48
281,36
282,44
283,32
284,30
285,48
286,38
287,40
288,42
289,42
290,39
291,36
292,51
293,39
294,51
295,34
296,35
297,35
298,47
299,37
300,41
301,43
302,34
303,37
304,42
305,39
306,56
307,34
308,50
309,44
310,36
311,40
312,38
313,40
314,41
315,50
316,49
317,44
318,35
319,44
320,41
321,37
322,37
323,42
324,35
325,37
326,36
327,33
328,37
329,42
330,44
331,47
332,44
333,31
334,45
335,38
336,41
337,45
338,40
339,38
340,49
341,37
342,35
343,44
344,42
345,39
346,33
347,36
348,53
349,42
350,50
351,36
352,52
353,44
354,42
355,41
356,45
357,34
358,35
359,59
360,43
361,45
362,38
363,38
364,33
365,32
366,42
367,37
368,41
369,35
370,36
371,35
372,42
373,39
374,45
375,42
376,45
377,32
378,54
379,47
380,40
381,38
382,50
383,42
384,36
385,47
386,43
387,46
388,45
389,37
390,41
391,47
392,37
393,35
394,43
395,45
396,26
397,34
398,41
399,39
400,48
401,37
402,39
403,37
404,39
405,39
406,30
407,41
408,53
409,44
410,46
411,50
412,38
413,32
414,50
415,40
416,42
417,38
418,40
419,44
420,49
421,45
422,55
423,44
424,39
425,42
426,40
427,40
428,42
429,39
430,48
431,34
432,33
433,49
434,50
435,51
436,51
437,49
438,28
439,45
440,43
441,46
442,35
443,50
444,43
445,49
446,42
447,42
448,37
449,34
450,43
451,39
452,35
453,35
454,39
455,46
456,48
457,34
458,47
459,45
460,46
461,48
462,42
463,43
464,38
465,44
466,50
467,40
468,35
469,59
470,48
471,30
472,45
473,41
474,41
475,44
476,46
477,42
478,51
479,30
480,48
481,37
482,37
483,43
484,42
485,36
486,43
487,46
488,41
489,47
490,38
491,35
492,37
493,49
494,45
495,39
496,43
497,35
498,39
499,40
500,40
501,31
502,42
503,46
504,51
505,31
506,41
507,42
508,45
509,38
510,37
511,41
512,39
513,36
514,47
515,35
516,39
517,51
518,43
519,47
520,42
521,40
522,51
523,41
524,45
525,44
526,37
527,34
528,39
529,42
530,43
531,37
532,44
533,38
534,45
535,46
536,37
537,41
538,42
539,35
540,41
541,31
542,53
543,44
544,40
545,42
546,56
547,33
548,33
549,37
550,42
551,53
552,43
553,41
554,59
555,46
556,36
557,58
558,45
559,40
560,44
561,37
562,54
563,43
564,43
565,51
566,40
567,40
568,47
569,45
570,39
571,40
572,42
573,36
574,35
575,43
576,37
577,34
578,32
579,43
580,27
581,36
582,41
583,39
584,41
585,36
586,43
587,38
588,36
589,48
590,44
591,54
592,39
593,49
594,56
595,36
596,43
597,33
598,47
599,50
600,46
601,38
602,37
603,39
604,43
605,52
606,37
607,37
608,44
609,42
610,39
611,40
612,40
613,47
614,46
615,41
616,47
617,44
618,52
619,45
620,46
621,26
622,46
623,41
624,41
625,49
626,43
627,41
628,46
629,41
630,41
631,44
632,44
633,43
634,46
635,50
636,40
637,41
638,35
639,45
640,45
641,42
642,34
643,38
644,36
645,43
646,38
647,44
648,47
649,27
650,47
651,40
652,48
653,35
654,44
655,39
656,49
657,41
658,49
659,41
660,37
661,39
662,42
663,47
664,43
665,42
666,41
667,40
668,39
669,49
670,43
671,50
672,34
673,43
674,39
675,44
676,36
677,52
678,36
679,34
680,36
681,31
682,40
683,44
684,50
685,42
686,36
687,44
688,45
689,41
690,36
691,47
692,38
693,44
694,42
695,40
696,41
697,46
698,41
699,41
700,42
701,46
702,44
703,37
704,40
705,40
706,44
707,38
708,43
709,54
710,34
711,39
712,39
713,42
714,43
715,36
716,43
717,48
718,40
719,41
720,59
721,37
722,45
723,40
724,39
725,40
726,42
727,32
728,46
729,41
730,51
731,38
732,38
733,48
734,46
735,34
736,42
737,41
738,41
739,40
740,51
741,40
742,41
743,34
744,33
745,42
746,33
747,42
748,45
749,40
750,40
751,38
752,41
753,44
754,39
755,29
756,44
757,37
758,44
759,46
760,47
761,50
762,42
763,46
764,40
765,42
766,42
767,48
768,30
769,39
770,37
771,54
772,45
773,50
774,48
775,35
776,46
777,44
778,41
779,32
780,34
781,37
782,41
783,41
784,40
785,41
786,48
787,40
788,40
789,46
790,38
791,33
792,40
793,37
794,46
795,41
796,43
797,39
798,47
799,43
800,46
801,47
802,38
803,38
804,35
805,39
806,48
807,41
808,43
809,40
810,44
811,44
812,34
813,50
814,38
815,32
816,42
817,39
818,43
819,38
820,36
821,40
822,38
823,36
824,40
825,39
826,41
827,60
828,31
829,52
830,26
831,33
832,39
833,44
834,44
835,47
836,37
837,30
838,50
839,32
840,37
841,42
842,39
843,45
844,40
845,52
846,45
847,39
848,46
849,39
850,37
851,53
852,38
853,42
854,49
855,34
856,40
857,41
858,44
859,34
860,56
861,42
862,36
863,34
864,40
865,55
866,42
867,47
868,38
869,37
870,45
871,43
872,34
873,42
874,47
875,40
876,39
877,54
878,49
879,40
880,38
881,48
882,43
883,37
884,48
885,44
886,41
887,41
888,35
889,44
890,39
891,39
892,44
893,34
894,43
895,42
896,39
897,36
898,51
899,41
900,49
901,41
902,32
903,42
904,34
905,43
906,43
907,44
908,42
909,40
910,48
911,42
912,46
913,44
914,33
915,33
916,35
917,34
918,29
919,40
920,42
921,42
922,61
923,39
924,50
925,33
926,34
927,35
928,47
929,37
930,24
931,39
932,41
933,56
934,38
935,38
936,36
937,44
938,47
939,46
940,52
941,44
942,35
943,38
944,41
945,41
946,40
947,36
948,45
949,44
950,52
951,41
952,43
953,38
954,35
955,36
956,48
957,38
958,38
959,44
960,45
961,45
962,43
963,42
964,47
965,50
966,37
967,38
968,46
969,50
970,42
971,44
972,35
973,41
974,46
975,46
976,37
977,44
978,37
979,38
980,39
981,38
982,33
983,39
984,46
985,35
986,39
987,40
988,39
989,50
990,40
991,35
992,40
993,40
994,40
995,46
996,34
997,49
998,42
999,40
1000,37
1001,43
1002,50
1003,41
1004,34
1005,47
1006,38
1007,37
1008,30
1009,36
1010,43
1011,41
1012,36
1013,41
1014,43
1015,41
1016,45
1017,52
1018,38
1019,35
1020,44
1021,38
1022,38
1023,43
1024,36
1025,38
1026,45
1027,38
1028,36
1029,52
1030,38
1031,43
1032,40
1033,48
1034,40
1035,37
1036,35
1037,41
1038,35
1039,49
1040,20
1041,40
1042,43
1043,43
1044,41
1045,45
1046,50
1047,40
1048,54
1049,54
1050,35
1051,52
1052,47
1053,46
1054,38
1055,28
1056,42
1057,43
1058,55
1059,48
1060,40
1061,48
1062,59
1063,53
1064,49
1065,40
1066,36
1067,51
1068,46
1069,54
1070,42
1071,33
1072,50
1073,40
1074,42
1075,41
1076,39
1077,38
1078,41
1079,39
1080,45
1081,43
1082,36
1083,41
1084,41
1085,40
1086,35
1087,37
1088,49
1089,42
1090,40
1091,45
1092,49
1093,38
1094,44
1095,39
1096,39
1097,38
1098,41
1099,48
1100,47
1101,41
1102,45
1103,41
1104,36
1105,44
1106,36
1107,31
1108,38
1109,44
1110,39
1111,59
1112,41
1113,42
1114,38
1115,38
1116,27
1117,37
1118,39
1119,45
1120,44
1121,39
1122,40
1123,48
1124,46
1125,48
1126,38
1127,39
1128,31
1129,33
1130,39
1131,38
1132,41
1133,44
1134,53
1135,37
1136,52
1137,51
1138,35
1139,39
1140,41
1141,32
1142,44
1143,45
1144,41
1145,52
1146,37
1147,33
1148,29
1149,45
1150,39
1151,44
1152,35
1153,40
1154,36
1155,49
1156,39
1157,45
1158,49
1159,27
1160,42
1161,39
1162,47
1163,32
1164,42
1165,39
1166,42
1167,37
1168,35
1169,35
1170,42
1171,45
1172,37
1173,37
1174,44
1175,44
1176,37
1177,41
1178,44
1179,41
1180,47
1181,39
1182,49
1183,42
1184,52
1185,49
1186,46
1187,39
1188,43
1189,43
1190,43
1191,37
1192,37
1193,41
1194,38
1195,41
1196,45
1197,43
1198,33
1199,48
1200,43
1201,41
1202,44
1203,39
1204,35
1205,39
1206,40
1207,41
1208,37
1209,51
1210,42
1211,34
1212,40
1213,44
1214,45
1215,48
1216,32
1217,37
1218,42
1219,37
1220,46
1221,39
1222,51
1223,43
1224,45
1225,40
1226,37
1227,37
1228,38
1229,42
1230,37
1231,37
1232,38
1233,41
1234,40
1235,37
1236,38
1237,40
1238,35
1239,37
1240,39
1241,44
1242,45
1243,41
1244,35
1245,36
1246,49
1247,36
1248,38
1249,39
1250,43
1251,46
1252,49
1253,39
1254,46
1255,37
1256,40
1257,51
1258,43
1259,33
1260,38
1261,45
1262,53
1263,49
1264,41
1265,35
1266,37
1267,40
1268,37
1269,32
1270,54
1271,39
1272,51
1273,47
1274,41
1275,47
1276,46
1277,44
1278,39
1279,45
1280,53
1281,40
1282,49
1283,40
1284,41
1285,47
1286,32
1287,30
1288,31
1289,50
1290,36
1291,38
1292,40
1293,35
1294,39
1295,41
1296,50
1297,41
1298,37
1299,47
1300,51
1301,57
1302,45
1303,43
1304,41
1305,28
1306,37
1307,39
1308,44
1309,47
1310,40
1311,46
1312,44
1313,42
1314,45
1315,43
1316,47
1317,41
1318,33
1319,33
1320,36
1321,41
1322,35
1323,33
1324,49
1325,37
1326,53
1327,39
1328,50
1329,37
1330,50
1331,54
1332,41
1333,44
1334,44
1335,43
1336,47
1337,45
1338,33
1339,40
1340,41
1341,43
1342,43
1343,41
1344,34
1345,44
1346,30
1347,43
1348,44
1349,42
1350,33
1351,42
1352,37
1353,46
1354,45
1355,47
1356,42
1357,29
1358,40
1359,35
1360,49
1361,43
1362,49
1363,47
1364,43
1365,38
1366,39
1367,42
1368,43
1369,50
1370,43
1371,46
1372,42
1373,34
1374,43
1375,37
1376,34
1377,36
1378,44
1379,38
1380,47
1381,38
1382,47
1383,37
1384,38
1385,43
1386,38
1387,49
1388,43
1389,47
1390,41
1391,40
1392,40
1393,41
1394,47
1395,47
1396,34
1397,48
1398,40
1399,46
1400,43
1401,46
1402,48
1403,41
1404,42
1405,42
1406,34
1407,44
1408,40
1409,43
1410,56
1411,35
1412,49
1413,38
1414,41
1415,38
1416,43
1417,36
1418,37
1419,46
1420,40
1421,38
1422,40
1423,53
1424,31
1425,46
1426,34
1427,41
1428,39
1429,43
1430,45
1431,38
1432,36
1433,34
1434,55
1435,51
1436,45
1437,54
1438,36
1439,38
1440,58
1441,42
1442,41
1443,44
1444,27
1445,40
1446,48
1447,37
1448,46
1449,53
1450,44
1451,42
1452,43
1453,41
1454,37
1455,37
1456,36
1457,38
1458,36
1459,40
1460,44
1461,37
1462,25
1463,49
1464,38
1465,46
1466,39
1467,34
1468,44
1469,48
1470,45
1471,44
1472,28
1473,37
1474,46
1475,38
1476,36
1477,44
1478,43
1479,41
1480,42
1481,41
1482,40
1483,40
1484,37
1485,30
1486,41
1487,34
1488,38
1489,37
1490,44
1491,35
1492,43
1493,33
1494,37
1495,41
1496,44
1497,40
1498,36
1499,41
1500,38
1501,41
1502,47
1503,31
1504,41
1505,45
1506,43
1507,39
1508,37
1509,33
1510,46
1511,41
1512,30
1513,48
1514,38
1515,40
1516,43
1517,50
1518,46
1519,35
1520,53
1521,39
1522,50
1523,41
1524,42
1525,43
1526,43
1527,25
1528,44
1529,40
1530,51
1531,48
1532,46
1533,45
1534,42
1535,42
1536,39
1537,56
1538,41
1539,40
1540,33
1541,38
1542,34
1543,53
1544,48
1545,34
1546,44
1547,40
1548,43
1549,46
1550,49
1551,35
1552,43
1553,29
1554,44
1555,37
1556,50
1557,43
1558,46
1559,44
1560,35
1561,36
1562,33
1563,36
1564,44
1565,36
1566,39
1567,41
1568,62
1569,42
1570,38
1571,57
1572,42
1573,43
1574,37
1575,38
1576,40
1577,37
1578,45
1579,37
1580,42
1581,42
1582,43
1583,50
1584,47
1585,38
1586,33
1587,36
1588,37
1589,47
1590,36
1591,45
1592,41
1593,41
1594,55
1595,45
1596,41
1597,48
1598,46
1599,56
1600,36
1601,48
1602,44
1603,39
1604,34
1605,42
1606,40
1607,31
1608,41
1609,47
1610,39
1611,46
1612,42
1613,38
1614,43
1615,55
1616,40
1617,38
1618,45
1619,53
1620,38
1621,28
1622,34
1623,40
1624,38
1625,43
1626,46
1627,35
1628,48
1629,51
1630,39
1631,42
1632,41
1633,48
1634,50
1635,49
1636,53
1637,38
1638,37
1639,48
1640,47
1641,35
1642,46
1643,42
1644,49
1645,36
1646,42
1647,37
1648,36
1649,39
1650,50
1651,43
1652,54
1653,41
1654,44
1655,42
1656,46
1657,53
1658,34
1659,36
1660,43
1661,44
1662,37
1663,41
1664,40
1665,46
1666,44
1667,40
1668,50
1669,38
1670,52
1671,48
1672,43
1673,35
1674,46
1675,45
1676,54
1677,41
1678,38
1679,37
1680,45
1681,45
1682,55
1683,40
1684,34
1685,51
1686,29
1687,57
1688,31
1689,40
1690,42
1691,47
1692,46
1693,33
1694,51
1695,32
1696,33
1697,33
1698,38
1699,33
1700,42
1701,42
1702,45
1703,38
1704,41
1705,35
1706,36
1707,40
1708,39
1709,42
1710,42
1711,41
1712,43
1713,44
1714,44
1715,42
1716,43
1717,42
1718,47
1719,42
1720,37
1721,43
1722,39
1723,35
1724,47
1725,44
1726,40
1727,39
1728,39
1729,47
1730,34
1731,48
1732,38
1733,43
1734,42
1735,31
1736,37
1737,51
1738,47
1739,34
1740,54
1741,25
1742,40
1743,40
1744,48
1745,48
1746,46
1747,42
1748,45
1749,44
1750,40
1751,43
1752,35
1753,36
1754,44
1755,38
1756,43
1757,35
1758,50
1759,37
1760,41
1761,45
1762,47
1763,45
1764,34
1765,43
1766,40
1767,34
1768,38
1769,48
1770,32
1771,42
1772,49
1773,39
1774,33
1775,50
1776,37
1777,34
1778,44
1779,37
1780,42
1781,45
1782,28
1783,50
1784,40
1785,44
1786,38
1787,48
1788,47
1789,43
1790,37
1791,44
1792,38
1793,39
1794,37
1795,49
1796,52
1797,40
1798,41
1799,35
1800,30
1801,35
1802,41
1803,41
1804,33
1805,46
1806,42
1807,46
1808,44
1809,48
1810,36
1811,43
1812,43
1813,43
1814,39
1815,53
1816,55
1817,33
1818,41
1819,41
1820,51
1821,39
1822,32
1823,44
1824,42
1825,40
1826,37
1827,54
1828,48
1829,39
1830,36
1831,40
1832,46
1833,44
1834,38
1835,40
1836,52
1837,46
1838,41
1839,48
1840,46
1841,49
1842,39
1843,43
1844,29
1845,45
1846,51
1847,36
1848,54
1849,48
1850,32
1851,35
1852,53
1853,46
1854,38
1855,45
1856,46
1857,36
1858,41
1859,46
1860,50
1861,47
1862,40
1863,49
1864,49
1865,33
1866,44
1867,31
1868,43
1869,40
1870,45
1871,44
1872,41
1873,35
1874,49
1875,41
1876,42
1877,44
1878,36
1879,46
1880,42
1881,47
1882,44
1883,39
1884,38
1885,43
1886,50
1887,35
1888,57
1889,44
1890,41
1891,49
1892,44
1893,58
1894,43
1895,43
1896,43
1897,39
1898,40
1899,35
1900,35
1901,36
1902,45
1903,44
1904,39
1905,45
1906,45
1907,38
1908,42
1909,44
1910,36
1911,45
1912,38
1913,44
1914,29
1915,44
1916,48
1917,33
1918,43
1919,38
1920,50
1921,49
1922,43
1923,40
1924,43
1925,38
1926,56
1927,37
1928,39
1929,43
1930,38
1931,41
1932,47
1933,44
1934,45
1935,42
1936,40
1937,41
1938,57
1939,36
1940,53
1941,37
1942,36
1943,35
1944,44
1945,51
1946,43
1947,41
1948,51
1949,43
1950,46
1951,45
1952,31
1953,39
1954,41
1955,39
1956,42
1957,42
1958,37
1959,37
1960,47
1961,33
1962,55
1963,32
1964,38
1965,41
1966,41
1967,35
1968,46
1969,33
1970,39
1971,50
1972,41
1973,50
1974,38
1975,39
1976,48
1977,55
1978,34
1979,48
1980,48
1981,32
1982,41
1983,45
1984,43
1985,40
1986,41
1987,40
1988,42
1989,45
1990,47
1991,35
1992,35
1993,43
1994,37
1995,55
1996,53
1997,44
1998,39
1999,37
2000,48
2001,38
2002,40
2003,37
2004,45
2005,42
2006,49
2007,35
2008,40
2009,37
2010,32
2011,43
2012,37
2013,46
2014,45
2015,43
2016,46
2017,39
2018,39
2019,33
2020,37
2021,48
2022,45
2023,35
2024,36
2025,44
2026,36
2027,40
2028,42
2029,49
2030,51
2031,32
2032,31
2033,44
2034,44
2035,44
2036,55
2037,41
2038,46
2039,55
2040,47
2041,40
2042,33
2043,46
2044,39
2045,41
2046,36
2047,45
2048,34
2049,37
2050,40
2051,30
2052,39
2053,39
2054,40
2055,32
2056,36
2057,42
2058,52
2059,40
2060,45
2061,27
2062,41
2063,50
2064,37
2065,40
2066,39
2067,47
2068,40
2069,57
2070,35
2071,42
2072,49
2073,46
2074,46
2075,48
2076,51
2077,42
2078,45
2079,38
2080,41
2081,36
2082,41
2083,41
2084,35
2085,52
2086,46
2087,42
2088,29
2089,54
2090,48
2091,41
2092,39
2093,46
2094,37
2095,43
2096,55
2097,33
2098,52
2099,38
2100,36
2101,40
2102,40
2103,42
2104,42
2105,29
2106,41
2107,32
2108,52
2109,33
2110,41
2111,51
2112,42
2113,53
2114,37
2115,46
2116,47
2117,37
2118,44
2119,35
2120,42
2121,42
2122,44
2123,36
2124,50
2125,41
2126,43
2127,44
2128,36
2129,39
2130,45
2131,42
2132,39
2133,46
2134,37
2135,42
2136,40
2137,45
2138,37
2139,49
2140,46
2141,33
2142,48
2143,34
2144,49
2145,35
2146,43
2147,35
2148,36
2149,33
2150,39
2151,40
2152,51
2153,51
2154,41
2155,50
2156,41
2157,44
2158,34
2159,42
2160,44
2161,48
2162,48
2163,37
2164,54
2165,45
2166,51
2167,41
2168,43
2169,32
2170,36
2171,37
2172,49
2173,40
2174,45
2175,48
2176,44
2177,45
2178,42
2179,40
2180,42
2181,35
2182,49
2183,43
2184,42
2185,35
2186,40
2187,36
2188,39
2189,32
2190,50
2191,46
2192,48
2193,25
2194,39
2195,41
2196,43
2197,38
2198,42
2199,45
2200,41
2201,54
2202,41
2203,39
2204,53
2205,37
2206,39
2207,38
2208,40
2209,38
2210,39
2211,52
2212,32
2213,46
2214,44
2215,44
2216,47
2217,44
2218,39
2219,45
2220,44
2221,42
2222,35
2223,45
2224,43
2225,41
2226,34
2227,50
2228,52
2229,38
2230,42
2231,44
2232,33
2233,47
2234,36
2235,41
2236,45
2237,40
2238,47
2239,39
2240,46
2241,52
2242,43
2243,43
2244,44
2245,49
2246,46
2247,36
2248,36
2249,51
2250,35
2251,37
2252,53
2253,36
2254,26
2255,45
2256,40
2257,38
2258,42
2259,47
2260,46
2261,41
2262,29
2263,38
2264,54
2265,41
2266,48
2267,43
2268,41
2269,36
2270,37
2271,43
2272,42
2273,42
2274,45
2275,44
2276,46
2277,47
2278,36
2279,42
2280,53
2281,43
2282,44
2283,51
2284,36
2285,35
2286,46
2287,45
2288,36
2289,34
2290,47
2291,46
2292,52
2293,36
2294,43
2295,39
2296,42
2297,32
2298,39
2299,37
2300,35
2301,47
2302,34
2303,46
2304,54
2305,32
2306,43
2307,41
2308,45
2309,49
2310,43
2311,29
2312,47
2313,37
2314,48
2315,29
2316,48
2317,40
2318,51
2319,40
2320,51
2321,38
2322,49
2323,42
2324,40
2325,34
2326,43
2327,33
2328,46
2329,36
2330,45
2331,53
2332,57
2333,46
2334,49
2335,41
2336,38
2337,43
2338,47
2339,48
2340,60
2341,37
2342,41
2343,44
2344,38
2345,33
2346,46
2347,48
2348,36
2349,49
2350,40
2351,43
2352,36
2353,48
2354,41
2355,47
2356,51
2357,43
2358,34
2359,40
2360,45
2361,41
2362,42
2363,43
2364,37
2365,35
2366,39
2367,33
2368,50
2369,44
2370,46
2371,39
2372,43
2373,45
2374,45
2375,41
2376,45
2377,46
2378,42
2379,34
2380,39
2381,44
2382,52
2383,42
2384,42
2385,50
2386,44
2387,41
2388,43
2389,39
2390,45
2391,37
2392,35
2393,52
2394,44
2395,43
2396,41
2397,38
2398,47
2399,47
2400,37
2401,45
2402,43
2403,43
2404,52
2405,39
2406,42
2407,38
2408,46
2409,35
2410,46
2411,40
2412,47
2413,34
2414,42
2415,41
2416,41
2417,50
2418,30
2419,48
2420,40
2421,44
2422,53
2423,44
2424,49
2425,45
2426,37
2427,53
2428,44
2429,43
2430,41
2431,39
2432,41
2433,39
2434,41
2435,39
2436,38
2437,42
2438,38
2439,38
2440,47
2441,34
2442,37
2443,43
2444,32
2445,41
2446,45
2447,47
2448,52
2449,42
2450,47
2451,48
2452,41
2453,45
2454,33
2455,38
2456,40
2457,40
2458,43
2459,42
2460,50
2461,41
2462,46
2463,42
2464,39
2465,56
2466,43
2467,39
2468,44
2469,39
2470,42
2471,36
2472,39
2473,33
2474,35
2475,44
2476,39
2477,42
2478,34
2479,43
2480,43
2481,34
2482,35
2483,43
2484,44
2485,37
2486,42
2487,48
2488,47
2489,42
2490,37
2491,33
2492,43
2493,48
2494,47
2495,46
2496,46
2497,43
2498,39
2499,38
2500,49
2501,35
2502,40
2503,41
2504,42
2505,37
2506,46
2507,35
2508,38
2509,53
2510,42
2511,42
2512,37
2513,35
2514,49
2515,47
2516,44
2517,47
2518,46
2519,33
2520,45
2521,36
2522,40
2523,42
2524,32
2525,43
2526,53
2527,42
2528,43
2529,52
2530,34
2531,52
2532,47
2533,42
2534,44
2535,48
2536,53
2537,31
2538,40
2539,37
2540,34
2541,42
2542,54
2543,42
2544,28
2545,34
2546,50
2547,40
2548,42
2549,44
2550,35
2551,41
2552,48
2553,35
2554,34
2555,34
2556,32
2557,39
2558,45
2559,52
2560,37
2561,37
2562,35
2563,37
2564,37
2565,42
2566,45
2567,47
2568,49
2569,49
2570,39
2571,33
2572,45
2573,38
2574,49
2575,35
2576,34
2577,39
2578,43
2579,30
2580,44
2581,36
2582,46
2583,48
2584,39
2585,45
2586,45
2587,36
2588,44
2589,43
2590,34
2591,44
2592,41
2593,47
2594,42
2595,44
2596,45
2597,44
2598,43
2599,52
2600,41
2601,46
2602,54
2603,52
2604,42
2605,49
2606,30
2607,36
2608,39
2609,37
2610,40
2611,42
2612,47
2613,45
2614,41
2615,50
2616,56
2617,47
2618,40
2619,44
2620,38
2621,39
2622,30
2623,51
2624,46
2625,42
2626,39
2627,45
2628,45
2629,43
2630,55
2631,33
2632,29
2633,36
2634,48
2635,35
2636,38
2637,51
2638,57
2639,44
2640,35
2641,44
2642,40
2643,58
2644,40
2645,41
2646,36
2647,50
2648,36
2649,46
2650,43
2651,41
2652,41
2653,40
2654,41
2655,32
2656,49
2657,42
2658,42
2659,46
2660,43
2661,37
2662,31
2663,47
2664,39
2665,50
2666,31
2667,55
2668,46
2669,43
2670,38
2671,45
2672,43
2673,37
2674,48
2675,45
2676,32
2677,41
2678,43
2679,43
2680,43
2681,42
2682,42
2683,40
2684,43
2685,42
2686,34
2687,41
2688,43
2689,47
2690,33
2691,44
2692,37
2693,46
2694,36
2695,46
2696,37
2697,40
2698,52
2699,34
2700,45
2701,50
2702,46
2703,39
2704,38
2705,35
2706,32
2707,39
2708,45
2709,33
2710,38
2711,39
2712,54
2713,35
2714,43
2715,37
2716,43
2717,43
2718,42
2719,42
2720,44
2721,52
2722,41
2723,48
2724,42
2725,34
2726,48
2727,46
2728,51
2729,47
2730,56
2731,42
2732,45
2733,54
2734,36
2735,52
2736,43
2737,43
2738,32
2739,35
2740,39
2741,45
2742,42
2743,41
2744,53
2745,40
2746,36
2747,43
2748,46
2749,44
2750,42
2751,31
2752,33
2753,43
2754,45
2755,36
2756,39
2757,51
2758,41
2759,41
2760,37
2761,43
2762,36
2763,39
2764,36
2765,38
2766,34
2767,38
2768,41
2769,35
2770,39
2771,38
2772,45
2773,32
2774,50
2775,41
2776,36
2777,38
2778,44
2779,49
2780,43
2781,49
2782,42
2783,45
2784,45
2785,54
2786,46
2787,44
2788,37
2789,41
2790,36
2791,34
2792,50
2793,49
2794,39
2795,52
2796,30
2797,46
2798,43
2799,46
2800,47
2801,36
2802,46
2803,39
2804,43
2805,50
2806,42
2807,33
2808,50
2809,37
2810,38
2811,36
2812,52
2813,51
2814,29
2815,52
2816,34
2817,45
2818,61
2819,49
2820,48
2821,44
2822,32
2823,32
2824,51
2825,40
2826,44
2827,42
2828,48
2829,44
2830,48
2831,52
2832,41
2833,37
2834,38
2835,53
2836,40
2837,37
2838,40
2839,40
2840,39
2841,44
2842,46
2843,44
2844,44
2845,38
2846,32
2847,39
2848,46
2849,52
2850,50
2851,37
2852,48
2853,43
2854,45
2855,40
2856,48
2857,47
2858,53
2859,43
2860,36
2861,54
2862,42
2863,48
2864,39
2865,47
2866,35
2867,39
2868,45
2869,44
2870,46
2871,51
2872,44
2873,33
2874,39
2875,39
2876,37
2877,36
2878,42
2879,49
2880,47
2881,45
2882,39
2883,37
2884,36
2885,33
2886,44
2887,40
2888,40
2889,42
2890,41
2891,37
2892,45
2893,44
2894,40
2895,40
2896,51
2897,34
2898,45
2899,43
2900,50
2901,51
2902,42
2903,44
2904,49
2905,41
2906,41
2907,32
2908,52
2909,42
2910,44
2911,35
2912,42
2913,53
2914,40
2915,33
2916,52
2917,34
2918,35
2919,42
2920,46
2921,46
2922,44
2923,39
2924,50
2925,47
2926,39
2927,43
2928,47
2929,37
2930,41
2931,43
2932,45
2933,41
2934,40
2935,39
2936,40
2937,34
2938,34
2939,46
2940,41
2941,45
2942,43
2943,41
2944,43
2945,47
2946,42
2947,40
2948,43
2949,44
2950,40
2951,44
2952,35
2953,40
2954,47
2955,53
2956,46
2957,41
2958,43
2959,37
2960,46
2961,46
2962,41
2963,36
2964,47
2965,46
2966,32
2967,53
2968,48
2969,50
2970,34
2971,43
2972,44
2973,37
2974,38
2975,55
2976,49
2977,41
2978,35
2979,36
2980,42
2981,61
2982,42
2983,48
2984,40
2985,54
2986,38
2987,41
2988,40
2989,40
2990,41
2991,42
2992,33
2993,40
2994,41
2995,42
2996,43
2997,42
2998,35
2999,49
3000,43
3001,36
3002,43
3003,40
3004,38
3005,51
3006,51
3007,37
3008,39
3009,37
3010,43
3011,31
3012,51
3013,44
3014,38
3015,43
3016,42
3017,53
3018,43
3019,41
3020,45
3021,38
3022,36
3023,49
3024,39
3025,37
3026,34
3027,46
3028,43
3029,36
3030,48
3031,41
3032,43
3033,53
3034,27
3035,37
3036,44
3037,41
3038,50
3039,39
3040,43
3041,36
3042,47
3043,49
3044,36
3045,32
3046,38
3047,37
3048,41
3049,42
3050,50
3051,37
3052,40
3053,35
3054,43
3055,48
3056,31
3057,45
3058,43
3059,43
3060,46
3061,42
3062,32
3063,42
3064,38
3065,44
3066,37
3067,49
3068,54
3069,38
3070,38
3071,46
3072,40
3073,50
3074,37
3075,35
3076,43
3077,41
3078,42
3079,35
3080,57
3081,40
3082,40
3083,38
3084,36
3085,44
3086,37
3087,42
3088,45
3089,44
3090,49
3091,37
3092,46
3093,31
3094,43
3095,40
3096,32
3097,45
3098,40
3099,42
3100,37
3101,43
3102,43
3103,44
3104,48
3105,39
3106,40
3107,47
3108,44
3109,38
3110,49
3111,44
3112,37
3113,52
3114,36
3115,41
3116,31
3117,38
3118,43
3119,30
3120,36
3121,37
3122,42
3123,43
3124,49
3125,34
3126,40
3127,38
3128,37
3129,39
3130,39
3131,35
3132,47
3133,30
3134,30
3135,49
3136,45
3137,36
3138,41
3139,40
3140,30
3141,40
3142,40
3143,33
3144,47
3145,37
3146,44
3147,49
3148,46
3149,47
3150,47
3151,36
3152,34
3153,43
3154,37
3155,40
3156,40
3157,53
3158,37
3159,39
3160,33
3161,41
3162,48
3163,39
3164,43
3165,52
3166,35
3167,38
3168,41
3169,40
3170,43
3171,43
3172,37
3173,44
3174,33
3175,38
3176,40
3177,38
3178,39
3179,43
3180,40
3181,45
3182,46
3183,39
3184,43
3185,34
3186,38
3187,42
3188,39
3189,38
3190,33
3191,32
3192,33
3193,40
3194,39
3195,38
3196,40
3197,38
3198,42
3199,56
3200,41
3201,33
3202,48
3203,48
3204,35
3205,37
3206,44
3207,42
3208,38
3209,44
3210,35
3211,37
3212,47
3213,42
3214,44
3215,39
3216,41
3217,35
3218,41
3219,33
3220,53
3221,33
3222,48
3223,39
3224,34
3225,42
3226,46
3227,41
3228,36
3229,46
3230,40
3231,34
3232,47
3233,38
3234,35
3235,41
3236,41
3237,48
3238,41
3239,38
3240,37
3241,36
3242,39
3243,49
3244,31
3245,48
3246,33
3247,42
3248,48
3249,35
3250,35
3251,41
3252,43
3253,45
3254,39
3255,40
3256,52
3257,36
3258,39
3259,41
3260,37
3261,42
3262,57
3263,44
3264,36
3265,55
3266,46
3267,33
3268,42
3269,49
3270,44
3271,36
3272,42
3273,46
3274,37
3275,48
3276,48
3277,41
3278,46
3279,39
3280,41
3281,39
3282,50
3283,40
3284,37
3285,37
3286,32
3287,33
3288,35
3289,49
3290,46
3291,45
3292,35
3293,37
3294,40
3295,37
3296,38
3297,39
3298,52
3299,36
3300,36
3301,43
3302,40
3303,33
3304,42
3305,47
3306,42
3307,43
3308,45
3309,40
3310,42
3311,38
3312,31
3313,52
3314,37
3315,42
3316,44
3317,38
3318,48
3319,38
3320,38
3321,57
3322,43
3323,36
3324,37
3325,41
3326,58
3327,54
3328,46
3329,45
3330,40
3331,49
3332,46
3333,45
3334,44
3335,34
3336,35
3337,54
3338,40
3339,37
3340,51
3341,43
3342,44
3343,36
3344,38
3345,43
3346,50
3347,45
3348,46
3349,48
3350,30
3351,49
3352,41
3353,43
3354,41
3355,40
3356,44
3357,38
3358,37
3359,38
3360,42
3361,44
3362,37
3363,44
3364,44
3365,44
3366,33
3367,32
3368,46
3369,49
3370,31
3371,34
3372,34
3373,38
3374,45
3375,42
3376,48
3377,50
3378,42
3379,44
3380,41
3381,34
3382,39
3383,40
3384,41
3385,49
3386,36
3387,45
3388,49
3389,44
3390,54
3391,44
3392,35
3393,46
3394,40
3395,34
3396,48
3397,37
3398,34
3399,36
3400,47
3401,45
3402,43
3403,46
3404,40
3405,39
3406,40
3407,53
3408,47
3409,38
3410,37
3411,39
3412,38
3413,47
3414,36
3415,41
3416,38
3417,40
3418,48
3419,40
3420,38
3421,46
3422,45
3423,41
3424,52
3425,48
3426,43
3427,38
3428,38
3429,40
3430,40
3431,47
3432,46
3433,34
3434,50
3435,47
3436,46
3437,26
3438,54
3439,42
3440,33
3441,47
3442,33
3443,37
3444,38
3445,36
3446,45
3447,38
3448,38
3449,39
3450,49
3451,50
3452,47
3453,41
3454,39
3455,44
3456,43
3457,45
3458,36
3459,32
3460,44
3461,39
3462,42
3463,45
3464,40
3465,37
3466,29
3467,31
3468,52
3469,37
3470,44
3471,43
3472,41
3473,38
3474,43
3475,52
3476,34
3477,45
3478,44
3479,46
3480,34
3481,43
3482,37
3483,44
3484,43
3485,44
3486,41
3487,38
3488,45
3489,33
3490,31
3491,41
3492,37
3493,40
3494,42
3495,49
3496,44
3497,34
3498,38
3499,30
3500,41
3501,42
3502,47
3503,32
3504,36
3505,33
3506,48
3507,44
3508,47
3509,43
3510,44
3511,43
3512,40
3513,38
3514,36
3515,54
3516,37
3517,45
3518,45
3519,44
3520,34
3521,32
3522,28
3523,50
3524,44
3525,47
3526,47
3527,35
3528,31
3529,43
3530,41
3531,40
3532,42
3533,38
3534,43
3535,54
3536,38
3537,43
3538,48
3539,35
3540,47
3541,50
3542,38
3543,38
3544,49
3545,43
3546,48
3547,48
3548,44
3549,44
3550,51
3551,49
3552,54
3553,28
3554,52
3555,36
3556,48
3557,42
3558,40
3559,37
3560,40
3561,39
3562,40
3563,49
3564,37
3565,44
3566,47
3567,48
3568,36
3569,38
3570,43
3571,42
3572,37
3573,33
3574,38
3575,42
3576,46
3577,39
3578,36
3579,44
3580,46
3581,36
3582,41
3583,43
3584,37
3585,50
3586,37
3587,33
3588,49
3589,35
3590,47
3591,47
3592,47
3593,39
3594,46
3595,42
3596,42
3597,31
3598,47
3599,49
3600,32
3601,40
3602,43
3603,51
3604,52
3605,45
3606,39
3607,40
3608,53
3609,42
3610,48
3611,33
3612,47
3613,47
3614,45
3615,40
3616,45
3617,48
3618,49
3619,43
3620,40
3621,38
3622,39
3623,43
3624,46
3625,36
3626,47
3627,43
3628,44
3629,40
3630,44
3631,48
3632,47
3633,47
3634,48
3635,49
3636,47
3637,46
3638,43
3639,41
3640,36
3641,54
3642,45
3643,45
3644,43
3645,46
3646,44
3647,46
3648,44
3649,40
3650,40
3651,43
3652,51
3653,40
3654,34
3655,36
3656,36
3657,47
3658,38
3659,46
3660,55
3661,32
3662,41
3663,49
3664,36
3665,48
3666,41
3667,48
3668,40
3669,39
3670,40
3671,43
3672,41
3673,33
3674,42
3675,47
3676,38
3677,46
3678,42
3679,45
3680,51
3681,39
3682,46
3683,43
3684,44
3685,42
3686,36
3687,46
3688,37
3689,47
3690,54
3691,44
3692,40
3693,43
3694,41
3695,42
3696,38
3697,38
3698,38
3699,36
3700,38
3701,44
3702,37
3703,46
3704,39
3705,33
3706,53
3707,44
3708,38
3709,48
3710,52
3711,30
3712,37
3713,30
3714,45
3715,52
3716,42
3717,33
3718,56
3719,39
3720,51
3721,41
3722,45
3723,51
3724,38
3725,54
3726,47
3727,43
3728,45
3729,44
3730,44
3731,40
3732,39
3733,43
3734,44
3735,39
3736,34
3737,31
3738,46
3739,34
3740,50
3741,40
3742,32
3743,46
3744,33
3745,38
3746,46
3747,42
3748,50
3749,35
3750,48
3751,34
3752,35
3753,44
3754,35
3755,46
3756,45
3757,53
3758,45
3759,46
3760,50
3761,41
3762,53
3763,41
3764,40
3765,41
3766,46
3767,44
3768,41
3769,38
3770,43
3771,47
3772,40
3773,44
3774,38
3775,34
3776,39
3777,50
3778,43
3779,42
3780,51
3781,37
3782,46
3783,46
3784,34
3785,38
3786,34
3787,54
3788,45
3789,44
3790,37
3791,43
3792,31
3793,40
3794,38
3795,40
3796,37
3797,33
3798,51
3799,34
3800,39
3801,42
3802,46
3803,41
3804,41
3805,42
3806,39
3807,50
3808,43
3809,34
3810,39
3811,42
3812,41
3813,41
3814,43
3815,46
3816,47
3817,46
3818,37
3819,39
3820,47
3821,34
3822,37
3823,48
3824,41
3825,33
3826,44
3827,43
3828,38
3829,59
3830,37
3831,47
3832,43
3833,45
3834,34
3835,38
3836,39
3837,49
3838,40
3839,37
3840,38
3841,46
3842,48
3843,40
3844,45
3845,48
3846,36
3847,37
3848,37
3849,40
3850,44
3851,42
3852,43
3853,41
3854,38
3855,33
3856,40
3857,39
3858,41
3859,37
3860,41
3861,38
3862,44
3863,39
3864,38
3865,45
3866,60
3867,43
3868,44
3869,41
3870,49
3871,45
3872,33
3873,44
3874,40
3875,43
3876,33
3877,41
3878,39
3879,46
3880,49
3881,47
3882,46
3883,44
3884,41
3885,36
3886,50
3887,51
3888,48
3889,46
3890,39
3891,33
3892,42
3893,52
3894,44
3895,42
3896,52
3897,43
3898,37
3899,41
3900,42
3901,41
3902,40
3903,44
3904,43
3905,38
3906,36
3907,33
3908,41
3909,40
3910,45
3911,35
3912,42
3913,37
3914,39
3915,43
3916,33
3917,40
3918,44
3919,42
3920,33
3921,36
3922,38
3923,44
3924,45
3925,39
3926,44
3927,57
3928,48
3929,42
3930,39
3931,30
3932,44
3933,38
3934,35
3935,32
3936,44
3937,33
3938,40
3939,42
3940,42
3941,28
3942,46
3943,45
3944,40
3945,45
3946,44
3947,38
3948,35
3949,35
3950,46
3951,45
3952,42
3953,44
3954,34
3955,39
3956,44
3957,46
3958,36
3959,41
3960,44
3961,47
3962,43
3963,47
3964,51
3965,34
3966,42
3967,43
3968,41
3969,37
3970,43
3971,48
3972,43
3973,28
3974,46
3975,44
3976,41
3977,46
3978,37
3979,42
3980,43
3981,49
3982,41
3983,36
3984,46
3985,39
3986,49
3987,38
3988,35
3989,47
3990,37
3991,47
3992,42
3993,40
3994,44
3995,42
3996,26
3997,39
3998,40
3999,41
4000,39
4001,44
4002,36
4003,48
4004,39
4005,44
4006,41
4007,39
4008,37
4009,42
4010,32
4011,51
4012,44
4013,44
4014,66
4015,43
4016,38
4017,49
4018,46
4019,40
4020,45
4021,46
4022,34
4023,34
4024,37
4025,47
4026,44
4027,43
4028,41
4029,38
4030,47
4031,41
4032,46
4033,47
4034,40
4035,47
4036,40
4037,43
4038,42
4039,39
4040,46
4041,41
4042,40
4043,37
4044,39
4045,44
4046,48
4047,39
4048,41
4049,34
4050,42
4051,41
4052,44
4053,42
4054,40
4055,38
4056,38
4057,34
4058,52
4059,43
4060,44
4061,52
4062,38
4063,43
4064,32
4065,44
4066,42
4067,30
4068,45
4069,49
4070,35
4071,40
4072,40
4073,28
4074,39
4075,45
4076,35
4077,36
4078,43
4079,50
4080,42
4081,39
4082,43
4083,43
4084,57
4085,44
4086,42
4087,33
4088,49
4089,42
4090,30
4091,31
4092,49
4093,58
4094,34
4095,36
4096,39
4097,40
4098,36
4099,33
4100,46
4101,47
4102,40
4103,41
4104,39
4105,34
4106,44
4107,43
4108,47
4109,54
4110,39
4111,41
4112,41
4113,50
4114,38
4115,38
4116,48
4117,54
4118,47
4119,37
4120,46
4121,47
4122,40
4123,43
4124,36
4125,48
4126,43
4127,51
4128,37
4129,34
4130,46
4131,41
4132,36
4133,40
4134,46
4135,40
4136,37
4137,52
4138,49
4139,34
4140,43
4141,45
4142,38
4143,39
4144,39
4145,44
4146,43
4147,34
4148,48
4149,32
4150,51
4151,44
4152,45
4153,33
4154,40
4155,38
4156,42
4157,41
4158,38
4159,32
4160,25
4161,39
4162,36
4163,32
4164,48
4165,38
4166,44
4167,50
4168,50
4169,45
4170,40
4171,48
4172,46
4173,40
4174,42
4175,36
4176,46
4177,42
4178,40
4179,40
4180,35
4181,44
4182,44
4183,42
4184,44
4185,40
4186,33
4187,51
4188,45
4189,29
4190,33
4191,43
4192,42
4193,53
4194,48
4195,46
4196,36
4197,42
4198,42
4199,27
4200,28
4201,41
4202,41
4203,44
4204,47
4205,43
4206,40
4207,49
4208,51
4209,50
4210,54
4211,37
4212,51
4213,47
4214,31
4215,39
4216,39
4217,35
4218,40
4219,34
4220,35
4221,48
4222,37
4223,43
4224,44
4225,44
4226,44
4227,41
4228,40
4229,40
4230,43
4231,34
4232,51
4233,45
4234,45
4235,46
4236,32
4237,38
4238,33
4239,43
4240,44
4241,46
4242,38
4243,44
4244,45
4245,40
4246,49
4247,36
4248,44
4249,33
4250,35
4251,39
4252,36
4253,37
4254,45
4255,39
4256,56
4257,44
4258,46
4259,51
4260,36
4261,46
4262,44
4263,43
4264,38
4265,30
4266,50
4267,42
4268,52
4269,38
4270,40
4271,29
4272,44
4273,42
4274,43
4275,39
4276,38
4277,38
4278,43
4279,39
4280,44
4281,41
4282,39
4283,34
4284,35
4285,49
4286,33
4287,50
4288,45
4289,37
4290,32
4291,47
4292,40
4293,36
4294,42
4295,39
4296,51
4297,43
4298,42
4299,39
4300,47
4301,37
4302,40
4303,39
4304,49
4305,41
4306,41
4307,51
4308,42
4309,34
4310,46
4311,36
4312,39
4313,37
4314,50
4315,29
4316,48
4317,41
4318,33
4319,40
4320,48
4321,39
4322,45
4323,31
4324,42
4325,36
4326,42
4327,41
4328,54
4329,37
4330,40
4331,51
4332,45
4333,43
4334,40
4335,46
4336,51
4337,35
4338,36
4339,50
4340,52
4341,41
4342,45
4343,34
4344,40
4345,43
4346,36
4347,42
4348,38
4349,49
4350,51
4351,47
4352,36
4353,56
4354,37
4355,33
4356,56
4357,41
4358,40
4359,39
4360,38
4361,49
4362,44
4363,42
4364,33
4365,41
4366,43
4367,48
4368,49
4369,33
4370,39
4371,40
4372,41
4373,41
4374,52
4375,45
4376,37
4377,45
4378,33
4379,39
4380,38
4381,34
4382,43
4383,42
4384,52
4385,39
4386,36
4387,44
4388,45
4389,39
4390,29
4391,39
4392,43
4393,46
4394,39
4395,46
4396,42
4397,47
4398,40
4399,43
4400,43
4401,49
4402,40
4403,43
4404,31
4405,35
4406,47
4407,36
4408,45
4409,43
4410,47
4411,44
4412,44
4413,43
4414,42
4415,42
4416,31
4417,48
4418,36
4419,39
4420,44
4421,43
4422,35
4423,46
4424,47
4425,45
4426,44
4427,40
4428,45
4429,32
4430,41
4431,37
4432,45
4433,43
4434,38
4435,31
4436,58
4437,37
4438,40
4439,36
4440,42
4441,28
4442,40
4443,33
4444,46
4445,37
4446,43
4447,38
4448,39
4449,41
4450,42
4451,41
4452,47
4453,49
4454,41
4455,29
4456,45
4457,47
4458,34
4459,30
4460,38
4461,34
4462,45
4463,43
4464,30
4465,33
4466,38
4467,41
4468,46
4469,39
4470,39
4471,38
4472,38
4473,34
4474,42
4475,54
4476,40
4477,52
4478,45
4479,31
4480,43
4481,42
4482,44
4483,38
4484,46
4485,50
4486,45
4487,32
4488,36
4489,34
4490,46
4491,52
4492,33
4493,37
4494,39
4495,50
4496,41
4497,45
4498,40
4499,42
4500,53
4501,40
4502,37
4503,52
4504,43
4505,56
4506,39
4507,33
4508,47
4509,45
4510,53
4511,41
4512,39
4513,36
4514,50
4515,44
4516,39
4517,48
4518,48
4519,39
4520,39
4521,41
4522,45
4523,39
4524,41
4525,49
4526,41
4527,40
4528,43
4529,43
4530,49
4531,41
4532,37
4533,48
4534,45
4535,28
4536,37
4537,38
4538,42
4539,38
4540,41
4541,43
4542,42
4543,35
4544,40
4545,49
4546,42
4547,33
4548,50
4549,36
4550,40
4551,39
4552,36
4553,45
4554,41
4555,35
4556,44
4557,39
4558,38
4559,32
4560,38
4561,39
4562,47
4563,36
4564,42
4565,45
4566,45
4567,43
4568,38
4569,40
4570,51
4571,40
4572,33
4573,45
4574,52
4575,46
4576,37
4577,45
4578,36
4579,35
4580,34
4581,38
4582,39
4583,32
4584,50
4585,47
4586,37
4587,48
4588,34
4589,42
4590,50
4591,38
4592,37
4593,55
4594,33
4595,47
4596,34
4597,41
4598,41
4599,40
4600,48
4601,46
4602,33
4603,40
4604,36
4605,38
4606,36
4607,47
4608,49
4609,54
4610,31
4611,44
4612,36
4613,54
4614,49
4615,32
4616,36
4617,37
4618,50
4619,44
4620,42
4621,44
4622,37
4623,43
4624,33
4625,40
4626,49
4627,37
4628,42
4629,47
4630,48
4631,37
4632,48
4633,39
4634,40
4635,40
4636,44
4637,42
4638,38
4639,48
4640,47
4641,39
4642,45
4643,53
4644,44
4645,55
4646,40
4647,41
4648,52
4649,47
4650,39
4651,43
4652,41
4653,42
4654,51
4655,49
4656,46
4657,38
4658,51
4659,36
4660,38
4661,37
4662,42
4663,38
4664,36
4665,38
4666,41
4667,42
4668,35
4669,34
4670,40
4671,32
4672,31
4673,45
4674,37
4675,45
4676,38
4677,42
4678,46
4679,32
4680,40
4681,41
4682,39
4683,43
4684,42
4685,52
4686,37
4687,46
4688,40
4689,35
4690,42
4691,50
4692,49
4693,37
4694,48
4695,45
4696,44
4697,41
4698,39
4699,33
4700,48
4701,50
4702,39
4703,34
4704,34
4705,40
4706,51
4707,40
4708,56
4709,54
4710,36
4711,44
4712,37
4713,38
4714,47
4715,44
4716,33
4717,40
4718,38
4719,40
4720,30
4721,42
4722,34
4723,43
4724,35
4725,40
4726,34
4727,52
4728,39
4729,35
4730,55
4731,39
4732,41
4733,38
4734,41
4735,39
4736,50
4737,46
4738,43
4739,38
4740,50
4741,39
4742,40
4743,48
4744,44
4745,44
4746,36
4747,44
4748,38
4749,34
4750,31
4751,38
4752,43
4753,42
4754,48
4755,38
4756,35
4757,43
4758,35
4759,43
4760,45
4761,46
4762,48
4763,37
4764,37
4765,56
4766,40
4767,44
4768,47
4769,43
4770,36
4771,44
4772,53
4773,37
4774,46
4775,41
4776,54
4777,44
4778,40
4779,43
4780,38
4781,40
4782,40
4783,47
4784,30
4785,43
4786,37
4787,38
4788,53
4789,45
4790,49
4791,43
4792,46
4793,49
4794,46
4795,39
4796,47
4797,34
4798,43
4799,40
4800,35
4801,34
4802,38
4803,51
4804,49
4805,46
4806,37
4807,41
4808,47
4809,41
4810,46
4811,51
4812,45
4813,38
4814,42
4815,43
4816,46
4817,38
4818,37
4819,48
4820,39
4821,46
4822,40
4823,48
4824,36
4825,42
4826,40
4827,32
4828,42
4829,30
4830,41
4831,42
4832,50
4833,47
4834,34
4835,31
4836,39
4837,46
4838,30
4839,37
4840,47
4841,38
4842,47
4843,47
4844,51
4845,42
4846,37
4847,43
4848,45
4849,40
4850,43
4851,37
4852,57
4853,50
4854,44
4855,31
4856,35
4857,42
4858,29
4859,41
4860,32
4861,51
4862,50
4863,44
4864,43
4865,38
4866,36
4867,41
4868,46
4869,42
4870,52
4871,54
4872,34
4873,46
4874,45
4875,42
4876,42
4877,41
4878,31
4879,29
4880,57
4881,41
4882,47
4883,36
4884,43
4885,44
4886,41
4887,35
4888,44
4889,42
4890,45
4891,35
4892,37
4893,37
4894,39
4895,52
4896,40
4897,51
4898,39
4899,43
4900,42
4901,41
4902,47
4903,37
4904,39
4905,43
4906,38
4907,38
4908,41
4909,38
4910,47
4911,37
4912,42
4913,35
4914,37
4915,28
4916,53
4917,38
4918,43
4919,45
4920,33
4921,29
4922,49
4923,33
4924,38
4925,47
4926,53
4927,52
4928,45
4929,40
4930,45
4931,30
4932,29
4933,54
4934,35
4935,40
4936,46
4937,40
4938,42
4939,39
4940,36
4941,47
4942,40
4943,36
4944,39
4945,40
4946,51
4947,36
4948,30
4949,47
4950,34
4951,43
4952,38
4953,49
4954,33
4955,38
4956,37
4957,37
4958,45
4959,40
4960,47
4961,44
4962,46
4963,41
4964,39
4965,40
4966,54
4967,46
4968,46
4969,40
4970,40
4971,36
4972,50
4973,36
4974,46
4975,48
4976,42
4977,42
4978,33
4979,45
4980,37
4981,36
4982,52
4983,51
4984,44
4985,39
4986,34
4987,43
4988,44
4989,32
4990,48
4991,33
4992,47
4993,49
4994,44
4995,37
4996,40
4997,43
4998,51
4999,52
5000,44
5001,49
5002,37
5003,41
5004,48
5005,43
5006,40
5007,41
5008,45
5009,40
5010,39
5011,39
5012,43
5013,44
5014,30
5015,47
5016,44
5017,38
5018,38
5019,42
5020,47
5021,47
5022,47
5023,44
5024,41
5025,45
5026,37
5027,34
5028,34
5029,37
5030,47
5031,41
5032,45
5033,28
5034,45
5035,35
5036,47
5037,34
5038,44
5039,44
5040,41
5041,42
5042,47
5043,42
5044,42
5045,53
5046,43
5047,38
5048,36
5049,38
5050,41
5051,44
5052,41
5053,52
5054,40
5055,43
5056,46
5057,50
5058,44
5059,42
5060,51
5061,40
5062,55
5063,42
5064,38
5065,37
5066,36
5067,45
5068,37
5069,36
5070,40
5071,48
5072,38
5073,42
5074,38
5075,33
5076,41
5077,42
5078,43
5079,42
5080,39
5081,44
5082,44
5083,38
5084,42
5085,44
5086,48
5087,38
5088,49
5089,41
5090,38
5091,36
5092,44
5093,38
5094,42
5095,46
5096,42
5097,53
5098,40
5099,41
5100,48
5101,37
5102,44
5103,39
5104,34
5105,47
5106,36
5107,38
5108,38
5109,38
5110,45
5111,42
5112,44
5113,43
5114,45
5115,42
5116,38
5117,38
5118,45
5119,44
5120,39
5121,40
5122,31
5123,46
5124,42
5125,36
5126,37
5127,37
5128,44
5129,42
5130,49
5131,44
5132,50
5133,44
5134,31
5135,37
5136,45
5137,43
5138,34
5139,47
5140,45
5141,48
5142,55
5143,36
5144,42
5145,45
5146,38
5147,41
5148,43
5149,42
5150,39
5151,51
5152,34
5153,39
5154,39
5155,37
5156,42
5157,37
5158,53
5159,40
5160,34
5161,41
5162,36
5163,48
5164,41
5165,41
5166,44
5167,51
5168,31
5169,28
5170,49
5171,38
5172,47
5173,29
5174,56
5175,39
5176,53
5177,30
5178,38
5179,41
5180,37
5181,42
5182,49
5183,44
5184,42
5185,46
5186,42
5187,43
5188,40
5189,41
5190,42
5191,44
5192,49
5193,50
5194,37
5195,41
5196,37
5197,47
5198,45
5199,38
5200,42
5201,41
5202,35
5203,37
5204,35
5205,36
5206,37
5207,42
5208,44
5209,34
5210,36
5211,38
5212,36
5213,31
5214,44
5215,40
5216,51
5217,47
5218,47
5219,42
5220,39
5221,41
5222,51
5223,39
5224,45
5225,41
5226,43
5227,47
5228,36
5229,36
5230,37
5231,42
5232,46
5233,38
5234,36
5235,36
5236,39
5237,34
5238,48
5239,39
5240,43
5241,39
5242,45
5243,38
5244,37
5245,44
5246,34
5247,28
5248,38
5249,31
5250,30
5251,46
5252,50
5253,49
5254,44
5255,30
5256,33
5257,46
5258,39
5259,34
5260,44
5261,28
5262,31
5263,49
5264,36
5265,45
5266,41
5267,42
5268,44
5269,37
5270,48
5271,28
5272,45
5273,50
5274,39
5275,46
5276,50
5277,36
5278,33
5279,54
5280,41
5281,44
5282,35
5283,43
5284,37
5285,39
5286,35
5287,47
5288,44
5289,38
5290,36
5291,38
5292,46
5293,44
5294,45
5295,34
5296,39
5297,44
5298,45
5299,46
5300,38
5301,39
5302,47
5303,31
5304,40
5305,36
5306,37
5307,43
5308,45
5309,51
5310,57
5311,30
5312,40
5313,40
5314,38
5315,59
5316,42
5317,40
5318,50
5319,46
5320,32
5321,50
5322,37
5323,38
5324,42
5325,54
5326,30
5327,39
5328,41
5329,54
5330,44
5331,38
5332,35
5333,40
5334,51
5335,40
5336,45
5337,39
5338,34
5339,34
5340,36
5341,26
5342,41
5343,35
5344,40
5345,41
5346,33
5347,38
5348,56
5349,38
5350,38
5351,37
5352,53
5353,33
5354,37
5355,35
5356,42
5357,41
5358,41
5359,32
5360,34
5361,43
5362,48
5363,49
5364,36
5365,41
5366,48
5367,53
5368,47
5369,38
5370,37
5371,41
5372,45
5373,48
5374,33
5375,34
5376,34
5377,43
5378,56
5379,46
5380,42
5381,33
5382,47
5383,33
5384,41
5385,27
5386,46
5387,48
5388,32
5389,51
5390,44
5391,37
5392,40
5393,34
5394,46
5395,45
5396,37
5397,48
5398,42
5399,34
5400,47
5401,39
5402,40
5403,36
5404,35
5405,44
5406,38
5407,48
5408,40
5409,37
5410,42
5411,47
5412,36
5413,41
5414,36
5415,36
5416,45
5417,34
5418,38
5419,42
5420,57
5421,36
5422,44
5423,44
5424,36
5425,48
5426,34
5427,42
5428,53
5429,54
5430,46
5431,38
5432,53
5433,40
5434,39
5435,36
5436,43
5437,48
5438,49
5439,36
5440,42
5441,43
5442,44
5443,39
5444,40
5445,37
5446,33
5447,45
5448,38
5449,34
5450,36
5451,37
5452,44
5453,38
5454,34
5455,39
5456,38
5457,51
5458,44
5459,38
5460,41
5461,42
5462,42
5463,37
5464,46
5465,33
5466,45
5467,38
5468,53
5469,40
5470,43
5471,42
5472,44
5473,42
5474,34
5475,41
5476,33
5477,49
5478,33
5479,45
5480,38
5481,32
5482,50
5483,50
5484,39
5485,40
5486,40
5487,47
5488,37
5489,45
5490,52
5491,41
5492,47
5493,39
5494,37
5495,45
5496,51
5497,30
5498,46
5499,33
5500,45
5501,50
5502,44
5503,36
5504,42
5505,38
5506,40
5507,44
5508,42
5509,40
5510,43
5511,50
5512,47
5513,32
5514,51
5515,41
5516,55
5517,45
5518,44
5519,32
5520,47
5521,44
5522,45
5523,32
5524,41
5525,46
5526,46
5527,49
5528,36
5529,38
5530,40
5531,32
5532,44
5533,36
5534,38
5535,35
5536,37
5537,36
5538,40
5539,37
5540,38
5541,43
5542,43
5543,35
5544,41
5545,37
5546,31
5547,40
5548,38
5549,41
5550,46
5551,38
5552,40
5553,39
5554,51
5555,36
5556,34
5557,40
5558,45
5559,44
5560,43
5561,38
5562,49
5563,35
5564,38
5565,32
5566,33
5567,39
5568,44
5569,51
5570,38
5571,36
5572,44
5573,47
5574,40
5575,39
5576,46
5577,43
5578,44
5579,48
5580,45
5581,38
5582,24
5583,41
5584,40
5585,39
5586,50
5587,34
5588,45
5589,34
5590,50
5591,45
5592,47
5593,47
5594,42
5595,41
5596,28
5597,49
5598,36
5599,40
5600,40
5601,45
5602,48
5603,39
5604,36
5605,54
5606,41
5607,44
5608,42
5609,47
5610,38
5611,49
5612,41
5613,42
5614,46
5615,45
5616,43
5617,37
5618,36
5619,52
5620,53
5621,36
5622,45
5623,39
5624,38
5625,52
5626,44
5627,50
5628,55
5629,48
5630,50
5631,34
5632,47
5633,38
5634,32
5635,49
5636,50
5637,55
5638,34
5639,43
5640,37
5641,44
5642,47
5643,35
5644,44
5645,49
5646,40
5647,43
5648,42
5649,37
5650,44
5651,51
5652,36
5653,37
5654,34
5655,51
5656,37
5657,38
5658,48
5659,39
5660,48
5661,42
5662,44
5663,34
5664,48
5665,47
5666,36
5667,47
5668,43
5669,49
5670,41
5671,36
5672,44
5673,49
5674,36
5675,50
5676,53
5677,37
5678,36
5679,43
5680,45
5681,48
5682,44
5683,39
5684,51
5685,50
5686,52
5687,48
5688,28
5689,46
5690,45
5691,44
5692,38
5693,32
5694,46
5695,49
5696,37
5697,45
5698,35
5699,42
5700,46
5701,33
5702,33
5703,47
5704,47
5705,50
5706,45
5707,32
5708,38
5709,39
5710,51
5711,45
5712,47
5713,36
5714,39
5715,48
5716,41
5717,38
5718,36
5719,38
5720,32
5721,45
5722,38
5723,38
5724,32
5725,50
5726,44
5727,35
5728,31
5729,31
5730,46
5731,38
5732,34
5733,35
5734,42
5735,49
5736,48
5737,44
5738,33
5739,42
5740,44
5741,47
5742,40
5743,39
5744,31
5745,39
5746,45
5747,49
5748,44
5749,37
5750,42
5751,38
5752,41
5753,46
5754,32
5755,45
5756,53
5757,55
5758,38
5759,40
5760,37
5761,39
5762,49
5763,39
5764,37
5765,38
5766,46
5767,36
5768,44
5769,39
5770,33
5771,46
5772,45
5773,36
5774,54
5775,45
5776,37
5777,42
5778,33
5779,48
5780,38
5781,40
5782,39
5783,36
5784,47
5785,42
5786,38
5787,46
5788,37
5789,54
5790,46
5791,33
5792,45
5793,44
5794,32
5795,38
5796,47
5797,34
5798,49
5799,44
5800,47
5801,34
5802,44
5803,37
5804,45
5805,44
5806,38
5807,42
5808,40
5809,51
5810,43
5811,37
5812,42
5813,34
5814,42
5815,41
5816,51
5817,37
5818,45
5819,42
5820,45
5821,40
5822,42
5823,48
5824,32
5825,41
5826,38
5827,35
5828,33
5829,47
5830,34
5831,37
5832,46
5833,46
5834,47
5835,35
5836,42
5837,29
5838,43
5839,49
5840,42
5841,42
5842,44
5843,48
5844,49
5845,50
5846,34
5847,33
5848,37
5849,35
5850,37
5851,33
5852,40
5853,36
5854,45
5855,44
5856,45
5857,38
5858,37
5859,39
5860,48
5861,47
5862,42
5863,33
5864,35
5865,44
5866,45
5867,47
5868,47
5869,40
5870,39
5871,52
5872,45
5873,54
5874,39
5875,49
5876,47
5877,35
5878,44
5879,38
5880,41
5881,37
5882,31
5883,48
5884,43
5885,40
5886,41
5887,36
5888,45
5889,34
5890,34
5891,51
5892,40
5893,52
5894,54
5895,54
5896,43
5897,37
5898,40
5899,47
5900,47
5901,42
5902,41
5903,37
5904,44
5905,49
5906,39
5907,52
5908,41
5909,52
5910,59
5911,45
5912,53
5913,36
5914,46
5915,41
5916,40
5917,39
5918,54
5919,39
5920,44
5921,42
5922,47
5923,45
5924,41
5925,50
5926,48
5927,39
5928,42
5929,53
5930,55
5931,37
5932,44
5933,47
5934,35
5935,38
5936,46
5937,43
5938,33
5939,49
5940,41
5941,41
5942,39
5943,44
5944,36
5945,41
5946,48
5947,34
5948,45
5949,49
5950,37
5951,41
5952,45
5953,40
5954,51
5955,38
5956,44
5957,46
5958,42
5959,44
5960,47
5961,40
5962,44
5963,37
5964,54
5965,49
5966,43
5967,37
5968,46
5969,48
5970,41
5971,45
5972,48
5973,46
5974,37
5975,49
5976,41
5977,41
5978,42
5979,55
5980,37
5981,45
5982,40
5983,37
5984,36
5985,34
5986,52
5987,41
5988,38
5989,42
5990,42
5991,57
5992,33
5993,34
5994,48
5995,32
5996,45
5997,34
5998,39
5999,44
6000,48
6001,46
6002,50
6003,53
6004,41
6005,41
6006,29
6007,46
6008,40
6009,39
6010,41
6011,40
6012,54
6013,40
6014,39
6015,46
6016,51
6017,36
6018,50
6019,41
6020,46
6021,42
6022,44
6023,45
6024,43
6025,52
6026,46
6027,57
6028,46
6029,38
6030,41
6031,38
6032,39
6033,42
6034,46
6035,38
6036,47
6037,41
6038,44
6039,43
6040,49
6041,48
6042,32
6043,55
6044,36
6045,48
6046,40
6047,48
6048,47
6049,26
6050,28
6051,44
6052,43
6053,43
6054,39
6055,32
6056,39
6057,44
6058,54
6059,48
6060,46
6061,33
6062,51
6063,37
6064,38
6065,48
6066,36
6067,40
6068,61
6069,45
6070,44
6071,39
6072,47
6073,41
6074,40
6075,53
6076,33
6077,47
6078,44
6079,51
6080,36
6081,35
6082,41
6083,49
6084,48
6085,49
6086,48
6087,48
6088,42
6089,41
6090,42
6091,38
6092,43
6093,29
6094,46
6095,38
6096,38
6097,52
6098,47
6099,39
6100,56
6101,44
6102,46
6103,40
6104,45
6105,37
6106,41
6107,44
6108,39
6109,37
6110,39
6111,45
6112,41
6113,47
6114,47
6115,33
6116,47
6117,39
6118,54
6119,45
6120,32
6121,40
6122,42
6123,52
6124,42
6125,29
6126,34
6127,50
6128,45
6129,42
6130,40
6131,47
6132,42
6133,50
6134,34
6135,50
6136,41
6137,33
6138,39
6139,36
6140,34
6141,40
6142,43
6143,40
6144,40
6145,36
6146,55
6147,39
6148,41
6149,34
6150,43
6151,32
6152,43
6153,45
6154,39
6155,49
6156,38
6157,43
6158,39
6159,37
6160,39
6161,28
6162,38
6163,45
6164,41
6165,33
6166,42
6167,44
6168,43
6169,39
6170,37
6171,44
6172,44
6173,40
6174,55
6175,36
6176,45
6177,38
6178,36
6179,38
6180,36
6181,43
6182,46
6183,41
6184,41
6185,47
6186,40
6187,45
6188,40
6189,35
6190,53
6191,41
6192,47
6193,46
6194,41
6195,43
6196,54
6197,36
6198,40
6199,49
6200,38
6201,30
6202,39
6203,35
6204,46
6205,36
6206,37
6207,40
6208,38
6209,48
6210,50
6211,47
6212,41
6213,39
6214,47
6215,42
6216,43
6217,46
6218,40
6219,42
6220,52
6221,38
6222,56
6223,47
6224,48
6225,47
6226,47
6227,33
6228,35
6229,44
6230,40
6231,48
6232,32
6233,38
6234,42
6235,43
6236,45
6237,37
6238,46
6239,35
6240,44
6241,29
6242,34
6243,40
6244,38
6245,46
6246,38
6247,36
6248,49
6249,33
6250,45
6251,33
6252,34
6253,39
6254,35
6255,42
6256,40
6257,40
6258,42
6259,44
6260,36
6261,44
6262,39
6263,37
6264,52
6265,42
6266,41
6267,40
6268,36
6269,37
6270,37
6271,44
6272,38
6273,38
6274,40
6275,41
6276,40
6277,43
6278,39
6279,46
6280,44
6281,46
6282,45
6283,32
6284,54
6285,45
6286,41
6287,36
6288,42
6289,46
6290,58
6291,42
6292,39
6293,42
6294,42
6295,32
6296,46
6297,53
6298,40
6299,42
6300,45
6301,36
6302,45
6303,47
6304,42
6305,43
6306,36
6307,36
6308,38
6309,39
6310,39
6311,42
6312,48
6313,39
6314,42
6315,48
6316,39
6317,40
6318,43
6319,44
6320,40
6321,42
6322,46
6323,46
6324,40
6325,39
6326,54
6327,44
6328,48
6329,43
6330,44
6331,43
6332,45
6333,43
6334,45
6335,41
6336,40
6337,55
6338,38
6339,37
6340,33
6341,50
6342,43
6343,45
6344,50
6345,37
6346,40
6347,47
6348,44
6349,31
6350,47
6351,37
6352,35
6353,40
6354,28
6355,30
6356,41
6357,42
6358,42
6359,36
6360,42
6361,49
6362,38
6363,46
6364,49
6365,48
6366,35
6367,37
6368,44
6369,48
6370,45
6371,45
6372,49
6373,54
6374,36
6375,52
6376,31
6377,42
6378,51
6379,54
6380,41
6381,51
6382,47
6383,48
6384,44
6385,36
6386,43
6387,49
6388,42
6389,36
6390,30
6391,44
6392,47
6393,50
6394,42
6395,36
6396,38
6397,45
6398,40
6399,40
6400,42
6401,48
6402,50
6403,41
6404,33
6405,49
6406,45
6407,49
6408,45
6409,41
6410,49
6411,45
6412,40
6413,49
6414,35
6415,41
6416,50
6417,41
6418,35
6419,45
6420,46
6421,38
6422,41
6423,32
6424,33
6425,41
6426,45
6427,51
6428,38
6429,43
6430,36
6431,39
6432,40
6433,36
6434,48
6435,44
6436,39
6437,40
6438,38
6439,41
6440,45
6441,36
6442,37
6443,44
6444,40
6445,50
6446,46
6447,34
6448,38
6449,55
6450,32
6451,44
6452,40
6453,44
6454,41
6455,42
6456,39
6457,39
6458,44
6459,41
6460,45
6461,44
6462,37
6463,42
6464,40
6465,45
6466,33
6467,38
6468,56
6469,34
6470,47
6471,41
6472,34
6473,40
6474,40
6475,35
6476,37
6477,44
6478,55
6479,42
6480,41
6481,45
6482,36
6483,39
6484,39
6485,37
6486,30
6487,48
6488,37
6489,57
6490,42
6491,42
6492,44
6493,41
6494,33
6495,39
6496,39
6497,40
6498,43
6499,44
6500,41
6501,54
6502,43
6503,42
6504,41
6505,51
6506,45
6507,49
6508,47
6509,46
6510,34
6511,37
6512,40
6513,33
6514,45
6515,54
6516,35
6517,44
6518,38
6519,42
6520,37
6521,39
6522,45
6523,35
6524,44
6525,43
6526,39
6527,45
6528,35
6529,45
6530,41
6531,38
6532,31
6533,32
6534,33
6535,34
6536,39
6537,45
6538,46
6539,33
6540,45
6541,42
6542,43
6543,43
6544,54
6545,54
6546,46
6547,34
6548,43
6549,36
6550,38
6551,39
6552,49
6553,47
6554,49
6555,40
6556,47
6557,44
6558,49
6559,33
6560,43
6561,45
6562,39
6563,38
6564,38
6565,38
6566,44
6567,44
6568,43
6569,43
6570,40
6571,49
6572,47
6573,41
6574,32
6575,39
6576,34
6577,48
6578,43
6579,46
6580,44
6581,47
6582,35
6583,36
6584,37
6585,36
6586,34
6587,46
6588,30
6589,46
6590,41
6591,43
6592,36
6593,47
6594,45
6595,41
6596,36
6597,55
6598,46
6599,42
6600,46
6601,45
6602,34
6603,51
6604,46
6605,37
6606,39
6607,48
6608,44
6609,45
6610,41
6611,44
6612,50
6613,35
6614,47
6615,54
6616,34
6617,33
6618,29
6619,42
6620,41
6621,40
6622,44
6623,50
6624,35
6625,37
6626,40
6627,35
6628,49
6629,34
6630,38
6631,38
6632,37
6633,31
6634,35
6635,36
6636,33
6637,46
6638,38
6639,47
6640,47
6641,46
6642,31
6643,43
6644,39
6645,45
6646,41
6647,35
6648,46
6649,48
6650,37
6651,46
6652,43
6653,34
6654,42
6655,36
6656,43
6657,35
6658,36
6659,39
6660,32
6661,33
6662,39
6663,45
6664,42
6665,36
6666,41
6667,47
6668,42
6669,33
6670,42
6671,27
6672,39
6673,49
6674,46
6675,30
6676,42
6677,41
6678,37
6679,43
6680,42
6681,40
6682,41
6683,39
6684,43
6685,42
6686,42
6687,39
6688,39
6689,45
6690,37
6691,44
6692,48
6693,41
6694,40
6695,44
6696,43
6697,50
6698,31
6699,36
6700,39
6701,45
6702,47
6703,49
6704,31
6705,35
6706,45
6707,48
6708,38
6709,42
6710,50
6711,38
6712,42
6713,43
6714,36
6715,42
6716,46
6717,40
6718,34
6719,45
6720,36
6721,39
6722,46
6723,40
6724,42
6725,41
6726,42
6727,38
6728,48
6729,50
6730,37
6731,49
6732,52
6733,38
6734,39
6735,38
6736,50
6737,56
6738,39
6739,32
6740,42
6741,29
6742,40
6743,47
6744,42
6745,39
6746,44
6747,46
6748,39
6749,43
6750,40
6751,35
6752,34
6753,36
6754,35
6755,33
6756,44
6757,41
6758,54
6759,50
6760,41
6761,33
6762,43
6763,39
6764,45
6765,52
6766,43
6767,57
6768,36
6769,35
6770,47
6771,32
6772,41
6773,42
6774,45
6775,51
6776,43
6777,63
6778,42
6779,30
6780,38
6781,36
6782,41
6783,43
6784,39
6785,40
6786,40
6787,54
6788,41
6789,48
6790,47
6791,49
6792,37
6793,36
6794,36
6795,45
6796,30
6797,35
6798,43
6799,37
6800,40
6801,36
6802,42
6803,37
6804,43
6805,50
6806,51
6807,44
6808,49
6809,35
6810,50
6811,37
6812,52
6813,35
6814,36
6815,36
6816,40
6817,51
6818,47
6819,34
6820,39
6821,49
6822,37
6823,44
6824,38
6825,37
6826,48
6827,42
6828,48
6829,45
6830,40
6831,41
6832,44
6833,35
6834,34
6835,40
6836,28
6837,54
6838,54
6839,32
6840,37
6841,47
6842,49
6843,48
6844,53
6845,49
6846,45
6847,44
6848,41
6849,46
6850,37
6851,42
6852,41
6853,34
6854,42
6855,44
6856,27
6857,29
6858,38
6859,33
6860,36
6861,56
6862,33
6863,34
6864,41
6865,31
6866,36
6867,47
6868,37
6869,46
6870,38
6871,46
6872,43
6873,50
6874,50
6875,41
6876,42
6877,44
6878,42
6879,54
6880,38
6881,45
6882,42
6883,32
6884,38
6885,45
6886,45
6887,49
6888,39
6889,33
6890,36
6891,35
6892,36
6893,40
6894,44
6895,39
6896,41
6897,38
6898,37
6899,40
6900,39
6901,44
6902,35
6903,36
6904,51
6905,56
6906,42
6907,35
6908,33
6909,39
6910,44
6911,44
6912,46
6913,47
6914,40
6915,40
6916,47
6917,45
6918,42
6919,39
6920,39
6921,46
6922,42
6923,39
6924,37
6925,33
6926,52
6927,38
6928,41
6929,45
6930,44
6931,36
6932,48
6933,47
6934,41
6935,44
6936,39
6937,49
6938,39
6939,36
6940,40
6941,37
6942,47
6943,38
6944,36
6945,49
6946,49
6947,35
6948,50
6949,46
6950,37
6951,45
6952,31
6953,33
6954,45
6955,39
6956,44
6957,43
6958,43
6959,30
6960,57
6961,52
6962,28
6963,47
6964,35
6965,38
6966,44
6967,38
6968,53
6969,43
6970,35
6971,45
6972,38
6973,49
6974,45
6975,52
6976,50
6977,34
6978,34
6979,30
6980,47
6981,32
6982,46
6983,47
6984,34
6985,45
6986,34
6987,44
6988,40
6989,44
6990,37
6991,43
6992,52
6993,36
6994,38
6995,33
6996,39
6997,43
6998,38
6999,45
7000,40
7001,45
7002,37
7003,39
7004,35
7005,40
7006,41
7007,55
7008,46
7009,45
7010,50
7011,42
7012,41
7013,34
7014,44
7015,37
7016,33
7017,31
7018,44
7019,37
7020,43
7021,44
7022,43
7023,47
7024,43
7025,36
7026,31
7027,37
7028,40
7029,48
7030,41
7031,43
7032,38
7033,49
7034,34
7035,45
7036,43
7037,42
7038,36
7039,39
7040,54
7041,42
7042,44
7043,34
7044,39
7045,42
7046,42
7047,36
7048,40
7049,37
7050,46
7051,46
7052,53
7053,50
7054,46
7055,33
7056,48
7057,47
7058,43
7059,41
7060,34
7061,44
7062,43
7063,28
7064,37
7065,46
7066,43
7067,43
7068,33
7069,53
7070,35
7071,46
7072,48
7073,43
7074,42
7075,33
7076,48
7077,51
7078,52
7079,50
7080,41
7081,47
7082,41
7083,36
7084,43
7085,49
7086,47
7087,30
7088,51
7089,54
7090,43
7091,43
7092,42
7093,35
7094,34
7095,46
7096,31
7097,45
7098,47
7099,41
7100,41
7101,42
7102,43
7103,43
7104,43
7105,48
7106,41
7107,52
7108,44
7109,58
7110,39
7111,42
7112,48
7113,48
7114,43
7115,50
7116,50
7117,56
7118,45
7119,35
7120,40
7121,39
7122,41
7123,40
7124,35
7125,40
7126,46
7127,39
7128,36
7129,30
7130,47
7131,59
7132,58
7133,48
7134,36
7135,46
7136,39
7137,41
7138,43
7139,38
7140,32
7141,35
7142,32
7143,40
7144,40
7145,47
7146,37
7147,38
7148,43
7149,36
7150,43
7151,47
7152,37
7153,29
7154,40
7155,42
7156,41
7157,56
7158,39
7159,38
7160,39
7161,48
7162,38
7163,37
7164,37
7165,45
7166,50
7167,44
7168,42
7169,43
7170,56
7171,36
7172,46
7173,44
7174,45
7175,52
7176,41
7177,39
7178,40
7179,44
7180,40
7181,37
7182,41
7183,40
7184,31
7185,34
7186,42
7187,37
7188,42
7189,40
7190,38
7191,40
7192,47
7193,48
7194,39
7195,39
7196,39
7197,44
7198,39
7199,36
7200,35
7201,41
7202,45
7203,50
7204,36
7205,42
7206,37
7207,40
7208,31
7209,44
7210,42
7211,38
7212,33
7213,42
7214,40
7215,41
7216,43
7217,39
7218,37
7219,46
7220,52
7221,40
7222,53
7223,41
7224,42
7225,47
7226,45
7227,39
7228,39
7229,46
7230,41
7231,37
7232,43
7233,46
7234,37
7235,44
7236,44
7237,38
7238,46
7239,40
7240,42
7241,37
7242,52
7243,37
7244,33
7245,44
7246,48
7247,45
7248,51
7249,56
7250,51
7251,39
7252,42
7253,44
7254,49
7255,43
7256,38
7257,44
7258,48
7259,51
7260,36
7261,50
7262,48
7263,40
7264,38
7265,49
7266,36
7267,48
7268,50
7269,40
7270,47
7271,57
7272,39
7273,46
7274,40
7275,46
7276,46
7277,48
7278,38
7279,38
7280,34
7281,42
7282,43
7283,38
7284,39
7285,48
7286,40
7287,54
7288,37
7289,52
7290,45
7291,42
7292,44
7293,38
7294,36
7295,38
7296,37
7297,42
7298,47
7299,41
7300,50
7301,42
7302,48
7303,46
7304,43
7305,32
7306,43
7307,42
7308,44
7309,42
7310,35
7311,51
7312,38
7313,31
7314,37
7315,42
7316,50
7317,36
7318,48
7319,51
7320,42
7321,42
7322,33
7323,44
7324,45
7325,40
7326,54
7327,46
7328,44
7329,36
7330,41
7331,45
7332,44
7333,51
7334,32
7335,39
7336,47
7337,30
7338,53
7339,30
7340,27
7341,38
7342,53
7343,44
7344,40
7345,53
7346,45
7347,43
7348,39
7349,52
7350,47
7351,38
7352,41
7353,44
7354,41
7355,42
7356,47
7357,48
7358,31
7359,43
7360,39
7361,45
7362,43
7363,36
7364,40
7365,35
7366,49
7367,51
7368,37
7369,44
7370,42
7371,46
7372,32
7373,38
7374,47
7375,49
7376,49
7377,46
7378,36
7379,35
7380,42
7381,37
7382,46
7383,40
7384,39
7385,55
7386,35
7387,46
7388,48
7389,45
7390,41
7391,43
7392,33
7393,46
7394,38
7395,40
7396,45
7397,45
7398,46
7399,33
7400,45
7401,46
7402,34
7403,38
7404,34
7405,44
7406,39
7407,46
7408,47
7409,36
7410,32
7411,40
7412,34
7413,41
7414,42
7415,42
7416,42
7417,39
7418,30
7419,39
7420,42
7421,44
7422,56
7423,44
7424,44
7425,37
7426,46
7427,41
7428,39
7429,37
7430,35
7431,42
7432,59
7433,41
7434,48
7435,43
7436,55
7437,43
7438,47
7439,39
7440,41
7441,44
7442,30
7443,38
7444,33
7445,51
7446,36
7447,37
7448,32
7449,32
7450,35
7451,41
7452,39
7453,37
7454,48
7455,35
7456,38
7457,34
7458,38
7459,41
7460,40
7461,43
7462,45
7463,51
7464,36
7465,54
7466,54
7467,48
7468,49
7469,40
7470,36
7471,47
7472,45
7473,44
7474,34
7475,42
7476,42
7477,39
7478,41
7479,44
7480,33
7481,33
7482,32
7483,36
7484,43
7485,43
7486,42
7487,37
7488,32
7489,41
7490,39
7491,46
7492,49
7493,40
7494,42
7495,39
7496,39
7497,45
7498,44
7499,33
7500,38
7501,41
7502,38
7503,39
7504,42
7505,45
7506,45
7507,46
7508,38
7509,64
7510,42
7511,40
7512,33
7513,50
7514,37
7515,49
7516,44
7517,46
7518,44
7519,38
7520,43
7521,46
7522,43
7523,48
7524,42
7525,35
7526,34
7527,40
7528,39
7529,39
7530,39
7531,41
7532,49
7533,45
7534,45
7535,37
7536,52
7537,47
7538,32
7539,45
7540,47
7541,43
7542,41
7543,39
7544,39
7545,45
7546,40
7547,36
7548,42
7549,41
7550,43
7551,41
7552,39
7553,40
7554,52
7555,43
7556,48
7557,43
7558,45
7559,45
7560,48
7561,44
7562,48
7563,51
7564,45
7565,43
7566,32
7567,34
7568,41
7569,36
7570,44
7571,44
7572,36
7573,39
7574,52
7575,48
7576,49
7577,40
7578,32
7579,45
7580,32
7581,38
7582,45
7583,47
7584,33
7585,50
7586,37
7587,47
7588,42
7589,42
7590,36
7591,34
7592,39
7593,32
7594,40
7595,28
7596,49
7597,42
7598,38
7599,32
7600,37
7601,49
7602,33
7603,46
7604,38
7605,42
7606,40
7607,55
7608,40
7609,42
7610,53
7611,53
7612,52
7613,48
7614,33
7615,50
7616,56
7617,40
7618,45
7619,49
7620,40
7621,40
7622,39
7623,37
7624,45
7625,35
7626,40
7627,41
7628,46
7629,44
7630,38
7631,38
7632,46
7633,35
7634,36
7635,42
7636,39
7637,41
7638,50
7639,46
7640,36
7641,34
7642,45
7643,44
7644,46
7645,42
7646,38
7647,47
7648,51
7649,45
7650,38
7651,36
7652,37
7653,51
7654,42
7655,40
7656,32
7657,38
7658,57
7659,49
7660,33
7661,40
7662,41
7663,44
7664,39
7665,46
7666,44
7667,51
7668,40
7669,36
7670,39
7671,38
7672,36
7673,36
7674,35
7675,43
7676,35
7677,43
7678,44
7679,37
7680,45
7681,44
7682,40
7683,44
7684,36
7685,37
7686,43
7687,54
7688,40
7689,39
7690,34
7691,42
7692,46
7693,33
7694,45
7695,48
7696,46
7697,37
7698,47
7699,46
7700,44
7701,44
7702,38
7703,48
7704,37
7705,39
7706,41
7707,41
7708,42
7709,38
7710,40
7711,43
7712,44
7713,43
7714,47
7715,44
7716,39
7717,38
7718,42
7719,38
7720,46
7721,34
7722,38
7723,37
7724,45
7725,39
7726,44
7727,46
7728,34
7729,44
7730,32
7731,52
7732,37
7733,38
7734,40
7735,39
7736,41
7737,38
7738,35
7739,37
7740,42
7741,45
7742,32
7743,41
7744,31
7745,45
7746,33
7747,48
7748,39
7749,35
7750,36
7751,38
7752,40
7753,48
7754,36
7755,56
7756,32
7757,41
7758,34
7759,38
7760,42
7761,43
7762,43
7763,39
7764,40
7765,40
7766,43
7767,38
7768,46
7769,33
7770,36
7771,40
7772,26
7773,38
7774,40
7775,35
7776,38
7777,50
7778,39
7779,38
7780,41
7781,45
7782,41
7783,47
7784,41
7785,37
7786,37
7787,40
7788,47
7789,42
7790,42
7791,41
7792,48
7793,36
7794,46
7795,46
7796,43
7797,41
7798,36
7799,47
7800,41
7801,43
7802,44
7803,42
7804,46
7805,37
7806,48
7807,46
7808,40
7809,45
7810,37
7811,48
7812,33
7813,40
7814,51
7815,35
7816,51
7817,38
7818,41
7819,34
7820,41
7821,45
7822,50
7823,42
7824,45
7825,33
7826,49
7827,40
7828,46
7829,34
7830,42
7831,47
7832,49
7833,46
7834,41
7835,41
7836,37
7837,26
7838,45
7839,31
7840,54
7841,45
7842,43
7843,53
7844,52
7845,39
7846,40
7847,45
7848,45
7849,43
7850,47
7851,55
7852,35
7853,41
7854,50
7855,35
7856,43
7857,39
7858,45
7859,36
7860,46
7861,37
7862,44
7863,49
7864,42
7865,38
7866,47
7867,51
7868,32
7869,43
7870,30
7871,43
7872,45
7873,37
7874,40
7875,39
7876,45
7877,35
7878,40
7879,43
7880,33
7881,49
7882,41
7883,51
7884,39
7885,35
7886,53
7887,38
7888,40
7889,43
7890,40
7891,54
7892,43
7893,49
7894,35
7895,36
7896,43
7897,48
7898,37
7899,49
7900,43
7901,50
7902,38
7903,36
7904,47
7905,35
7906,45
7907,39
7908,34
7909,45
7910,51
7911,40
7912,39
7913,46
7914,34
7915,43
7916,45
7917,46
7918,36
7919,44
7920,40
7921,38
7922,33
7923,49
7924,45
7925,36
7926,47
7927,44
7928,49
7929,37
7930,47
7931,41
7932,37
7933,32
7934,39
7935,39
7936,36
7937,27
7938,33
7939,45
7940,51
7941,43
7942,36
7943,43
7944,35
7945,33
7946,42
7947,35
7948,42
7949,56
7950,37
7951,43
7952,38
7953,37
7954,50
7955,35
7956,51
7957,52
7958,32
7959,45
7960,33
7961,38
7962,45
7963,42
7964,33
7965,53
7966,39
7967,38
7968,42
7969,30
7970,37
7971,46
7972,42
7973,38
7974,46
7975,41
7976,43
7977,36
7978,34
7979,41
7980,42
7981,44
7982,53
7983,36
7984,43
7985,33
7986,28
7987,36
7988,51
7989,54
7990,39
7991,44
7992,35
7993,48
7994,37
7995,39
7996,41
7997,38
7998,32
7999,35
8000,36
8001,53
8002,45
8003,37
8004,48
8005,41
8006,42
8007,40
8008,46
8009,45
8010,46
8011,34
8012,37
8013,32
8014,38
8015,49
8016,50
8017,50
8018,36
8019,53
8020,36
8021,44
8022,45
8023,44
8024,43
8025,38
8026,47
8027,37
8028,40
8029,39
8030,43
8031,36
8032,44
8033,44
8034,28
8035,30
8036,48
8037,38
8038,40
8039,41
8040,44
8041,41
8042,47
8043,36
8044,42
8045,35
8046,44
8047,31
8048,39
8049,35
8050,55
8051,43
8052,45
8053,31
8054,40
8055,48
8056,38
8057,42
8058,40
8059,38
8060,32
8061,37
8062,33
8063,43
8064,42
8065,51
8066,40
8067,33
8068,46
8069,36
8070,55
8071,51
8072,45
8073,45
8074,37
8075,37
8076,40
8077,47
8078,28
8079,39
8080,35
8081,40
8082,45
8083,37
8084,43
8085,49
8086,44
8087,41
8088,45
8089,41
8090,52
8091,49
8092,37
8093,40
8094,46
8095,44
8096,44
8097,42
8098,43
8099,36
8100,37
8101,47
8102,46
8103,27
8104,40
8105,49
8106,41
8107,34
8108,30
8109,42
8110,46
8111,39
8112,51
8113,40
8114,47
8115,39
8116,42
8117,46
8118,35
8119,41
8120,40
8121,35
8122,52
8123,34
8124,46
8125,28
8126,39
8127,45
8128,40
8129,48
8130,35
8131,44
8132,39
8133,42
8134,48
8135,46
8136,33
8137,41
8138,38
8139,45
8140,45
8141,45
8142,34
8143,34
8144,37
8145,43
8146,39
8147,45
8148,41
8149,31
8150,45
8151,39
8152,40
8153,34
8154,43
8155,29
8156,46
8157,35
8158,45
8159,42
8160,55
8161,44
8162,42
8163,40
8164,40
8165,40
8166,38
8167,47
8168,43
8169,43
8170,46
8171,44
8172,37
8173,44
8174,37
8175,49
8176,47
8177,32
8178,36
8179,50
8180,42
8181,39
8182,36
8183,41
8184,48
8185,41
8186,38
8187,36
8188,37
8189,53
8190,41
8191,48
8192,37
8193,43
8194,38
8195,41
8196,36
8197,41
8198,36
8199,37
8200,51
8201,44
8202,26
8203,36
8204,39
8205,38
8206,40
8207,38
8208,44
8209,41
8210,48
8211,43
8212,46
8213,44
8214,53
8215,37
8216,54
8217,49
8218,43
8219,38
8220,43
8221,36
8222,39
8223,52
8224,40
8225,42
8226,41
8227,52
8228,32
8229,49
8230,36
8231,43
8232,51
8233,40
8234,35
8235,43
8236,46
8237,30
8238,36
8239,54
8240,51
8241,40
8242,45
8243,41
8244,41
8245,42
8246,43
8247,41
8248,39
8249,43
8250,51
8251,36
8252,42
8253,37
8254,45
8255,42
8256,54
8257,42
8258,37
8259,40
8260,43
8261,43
8262,38
8263,35
8264,49
8265,48
8266,49
8267,49
8268,47
8269,39
8270,52
8271,41
8272,42
8273,38
8274,40
8275,39
8276,43
8277,38
8278,46
8279,41
8280,42
8281,60
8282,31
8283,37
8284,38
8285,44
8286,27
8287,35
8288,35
8289,47
8290,50
8291,44
8292,48
8293,34
8294,49
8295,37
8296,45
8297,51
8298,48
8299,40
8300,42
8301,35
8302,43
8303,42
8304,34
8305,49
8306,40
8307,35
8308,45
8309,45
8310,43
8311,44
8312,48
8313,42
8314,40
8315,55
8316,37
8317,40
8318,43
8319,46
8320,43
8321,41
8322,45
8323,42
8324,39
8325,55
8326,45
8327,51
8328,39
8329,35
8330,33
8331,47
8332,43
8333,40
8334,45
8335,43
8336,37
8337,38
8338,45
8339,35
8340,34
8341,36
8342,41
8343,40
8344,35
8345,43
8346,44
8347,46
8348,42
8349,39
8350,42
8351,43
8352,45
8353,52
8354,44
8355,40
8356,49
8357,59
8358,48
8359,51
8360,35
8361,46
8362,50
8363,57
8364,43
8365,50
8366,38
8367,37
8368,47
8369,45
8370,50
8371,47
8372,41
8373,44
8374,42
8375,29
8376,45
8377,43
8378,33
8379,39
8380,39
8381,41
8382,46
8383,35
8384,47
8385,44
8386,40
8387,46
8388,42
8389,42
8390,40
8391,42
8392,31
8393,39
8394,33
8395,36
8396,43
8397,39
8398,37
8399,43
8400,36
8401,36
8402,48
8403,45
8404,45
8405,46
8406,47
8407,42
8408,44
8409,47
8410,43
8411,37
8412,42
8413,37
8414,45
8415,44
8416,35
8417,48
8418,41
8419,38
8420,42
8421,40
8422,33
8423,24
8424,42
8425,37
8426,44
8427,39
8428,40
8429,33
8430,41
8431,44
8432,35
8433,44
8434,41
8435,53
8436,55
8437,33
8438,31
8439,42
8440,53
8441,51
8442,38
8443,48
8444,41
8445,43
8446,46
8447,41
8448,42
8449,33
8450,35
8451,47
8452,50
8453,39
8454,54
8455,46
8456,48
8457,51
8458,42
8459,38
8460,37
8461,44
8462,55
8463,37
8464,48
8465,29
8466,45
8467,36
8468,48
8469,58
8470,44
8471,35
8472,50
8473,43
8474,41
8475,36
8476,49
8477,28
8478,40
8479,39
8480,45
8481,35
8482,44
8483,41
8484,42
8485,50
8486,41
8487,38
8488,40
8489,42
8490,47
8491,44
8492,39
8493,38
8494,45
8495,40
8496,40
8497,44
8498,30
8499,50
8500,30
8501,45
8502,40
8503,43
8504,45
8505,40
8506,47
8507,43
8508,40
8509,41
8510,40
8511,44
8512,37
8513,36
8514,48
8515,48
8516,36
8517,49
8518,37
8519,49
8520,50
8521,37
8522,41
8523,27
8524,41
8525,52
8526,52
8527,43
8528,39
8529,36
8530,32
8531,49
8532,47
8533,39
8534,38
8535,42
8536,42
8537,38
8538,43
8539,32
8540,39
8541,40
8542,41
8543,48
8544,52
8545,41
8546,42
8547,50
8548,48
8549,39
8550,45
8551,58
8552,32
8553,41
8554,36
8555,50
8556,42
8557,38
8558,37
8559,40
8560,37
8561,41
8562,51
8563,39
8564,34
8565,40
8566,38
8567,36
8568,40
8569,38
8570,41
8571,28
8572,39
8573,47
8574,53
8575,51
8576,42
8577,46
8578,40
8579,34
8580,36
8581,32
8582,36
8583,51
8584,45
8585,37
8586,46
8587,45
8588,37
8589,50
8590,39
8591,43
8592,38
8593,42
8594,38
8595,33
8596,41
8597,40
8598,48
8599,39
8600,39
8601,53
8602,35
8603,32
8604,43
8605,59
8606,40
8607,38
8608,42
8609,53
8610,42
8611,43
8612,45
8613,50
8614,39
8615,44
8616,38
8617,41
8618,32
8619,38
8620,39
8621,40
8622,37
8623,38
8624,35
8625,45
8626,40
8627,42
8628,52
8629,41
8630,40
8631,39
8632,42
8633,39
8634,41
8635,55
8636,41
8637,40
8638,44
8639,35
8640,40
8641,40
8642,30
8643,34
8644,41
8645,36
8646,49
8647,28
8648,35
8649,35
8650,49
8651,42
8652,31
8653,50
8654,41
8655,35
8656,44
8657,44
8658,34
8659,40
8660,41
8661,38
8662,43
8663,43
8664,48
8665,43
8666,43
8667,45
8668,37
8669,44
8670,45
8671,45
8672,40
8673,38
8674,51
8675,42
8676,30
8677,40
8678,38
8679,38
8680,34
8681,41
8682,35
8683,43
8684,36
8685,42
8686,45
8687,41
8688,48
8689,35
8690,42
8691,36
8692,41
8693,39
8694,43
8695,40
8696,36
8697,40
8698,50
8699,43
8700,39
8701,35
8702,44
8703,41
8704,38
8705,44
8706,36
8707,37
8708,48
8709,47
8710,44
8711,46
8712,31
8713,35
8714,39
8715,48
8716,40
8717,33
8718,29
8719,43
8720,54
8721,42
8722,36
8723,42
8724,42
8725,49
8726,45
8727,47
8728,26
8729,39
8730,48
8731,38
8732,38
8733,41
8734,43
8735,39
8736,49
8737,40
8738,40
8739,40
8740,44
8741,31
8742,32
8743,46
8744,53
8745,53
8746,48
8747,28
8748,35
8749,44
8750,42
8751,28
8752,39
8753,36
8754,43
8755,42
8756,37
8757,36
8758,37
8759,50
8760,37
8761,30
8762,43
8763,48
8764,40
8765,42
8766,38
8767,42
8768,51
8769,50
8770,40
8771,39
8772,33
8773,41
8774,51
8775,47
8776,41
8777,43
8778,47
8779,36
8780,55
8781,37
8782,41
8783,42
8784,44
8785,40
8786,38
8787,44
8788,37
8789,43
8790,43
8791,46
8792,46
8793,57
8794,41
8795,44
8796,41
8797,47
8798,39
8799,53
8800,55
8801,39
8802,33
8803,37
8804,36
8805,47
8806,31
8807,47
8808,39
8809,41
8810,39
8811,35
8812,44
8813,45
8814,45
8815,46
8816,45
8817,45
8818,52
8819,48
8820,43
8821,46
8822,47
8823,45
8824,43
8825,46
8826,41
8827,48
8828,43
8829,49
8830,48
8831,40
8832,45
8833,50
8834,37
8835,41
8836,37
8837,41
8838,42
8839,29
8840,33
8841,47
8842,44
8843,55
8844,42
8845,40
8846,39
8847,32
8848,40
8849,53
8850,42
8851,41
8852,44
8853,45
8854,43
8855,51
8856,43
8857,44
8858,39
8859,51
8860,42
8861,42
8862,34
8863,47
8864,38
8865,48
8866,50
8867,38
8868,37
8869,34
8870,51
8871,49
8872,35
8873,44
8874,34
8875,42
8876,49
8877,37
8878,35
8879,45
8880,36
8881,52
8882,43
8883,45
8884,46
8885,51
8886,34
8887,38
8888,48
8889,47
8890,43
8891,34
8892,37
8893,54
8894,38
8895,41
8896,36
8897,37
8898,47
8899,44
8900,43
8901,49
8902,41
8903,45
8904,43
8905,30
8906,54
8907,41
8908,45
8909,52
8910,36
8911,46
8912,51
8913,34
8914,47
8915,39
8916,42
8917,42
8918,35
8919,36
8920,38
8921,45
8922,39
8923,38
8924,42
8925,48
8926,45
8927,41
8928,28
8929,54
8930,47
8931,36
8932,35
8933,38
8934,42
8935,44
8936,45
8937,31
8938,44
8939,47
8940,36
8941,39
8942,42
8943,34
8944,47
8945,36
8946,30
8947,48
8948,48
8949,44
8950,46
8951,52
8952,50
8953,51
8954,39
8955,45
8956,36
8957,43
8958,31
8959,49
8960,37
8961,39
8962,48
8963,28
8964,43
8965,39
8966,43
8967,55
8968,43
8969,35
8970,30
8971,36
8972,45
8973,45
8974,32
8975,43
8976,34
8977,48
8978,48
8979,47
8980,42
8981,48
8982,48
8983,39
8984,41
8985,40
8986,44
8987,45
8988,41
8989,34
8990,43
8991,36
8992,36
8993,36
8994,38
8995,42
8996,49
8997,47
8998,33
8999,38
9000,51
9001,37
9002,34
9003,45
9004,46
9005,40
9006,49
9007,34
9008,38
9009,43
9010,36
9011,44
9012,40
9013,42
9014,42
9015,42
9016,41
9017,43
9018,42
9019,44
9020,46
9021,42
9022,38
9023,43
9024,47
9025,34
9026,34
9027,46
9028,45
9029,37
9030,38
9031,44
9032,35
9033,39
9034,42
9035,45
9036,37
9037,37
9038,36
9039,47
9040,48
9041,45
9042,33
9043,40
9044,38
9045,39
9046,41
9047,34
9048,33
9049,41
9050,47
9051,48
9052,47
9053,46
9054,49
9055,33
9056,50
9057,37
9058,40
9059,39
9060,36
9061,39
9062,46
9063,46
9064,43
9065,45
9066,45
9067,29
9068,37
9069,44
9070,46
9071,49
9072,39
9073,48
9074,46
9075,50
9076,43
9077,44
9078,37
9079,30
9080,44
9081,29
9082,35
9083,38
9084,42
9085,45
9086,32
9087,46
9088,48
9089,28
9090,50
9091,42
9092,36
9093,33
9094,39
9095,40
9096,35
9097,41
9098,39
9099,41
9100,43
9101,41
9102,39
9103,51
9104,39
9105,35
9106,48
9107,50
9108,49
9109,30
9110,32
9111,43
9112,47
9113,54
9114,32
9115,37
9116,42
9117,42
9118,43
9119,37
9120,49
9121,36
9122,46
9123,44
9124,49
9125,47
9126,40
9127,44
9128,45
9129,37
9130,46
9131,39
9132,39
9133,46
9134,36
9135,42
9136,38
9137,46
9138,45
9139,36
9140,45
9141,37
9142,27
9143,45
9144,53
9145,45
9146,41
9147,33
9148,39
9149,37
9150,34
9151,37
9152,45
9153,47
9154,52
9155,44
9156,27
9157,44
9158,37
9159,36
9160,40
9161,41
9162,24
9163,50
9164,46
9165,52
9166,35
9167,43
9168,37
9169,44
9170,48
9171,28
9172,51
9173,40
9174,39
9175,41
9176,50
9177,39
9178,29
9179,36
9180,43
9181,39
9182,48
9183,34
9184,48
9185,40
9186,44
9187,43
9188,37
9189,35
9190,49
9191,39
9192,33
9193,38
9194,47
9195,37
9196,43
9197,46
9198,41
9199,37
9200,42
9201,41
9202,34
9203,37
9204,46
9205,36
9206,40
9207,38
9208,44
9209,43
9210,48
9211,45
9212,43
9213,41
9214,40
9215,49
9216,38
9217,44
9218,44
9219,38
9220,47
9221,58
9222,50
9223,38
9224,45
9225,45
9226,39
9227,42
9228,45
9229,44
9230,35
9231,42
9232,36
9233,55
9234,36
9235,42
9236,37
9237,48
9238,57
9239,46
9240,35
9241,60
9242,36
9243,30
9244,38
9245,41
9246,40
9247,33
9248,42
9249,57
9250,40
9251,48
9252,45
9253,56
9254,41
9255,35
9256,42
9257,48
9258,47
9259,44
9260,30
9261,40
9262,40
9263,34
9264,34
9265,38
9266,36
9267,43
9268,44
9269,46
9270,56
9271,35
9272,50
9273,35
9274,42
9275,40
9276,37
9277,31
9278,43
9279,40
9280,36
9281,41
9282,46
9283,36
9284,36
9285,48
9286,32
9287,43
9288,45
9289,41
9290,41
9291,33
9292,37
9293,52
9294,44
9295,33
9296,42
9297,40
9298,50
9299,49
9300,51
9301,36
9302,45
9303,46
9304,49
9305,40
9306,36
9307,36
9308,44
9309,33
9310,43
9311,46
9312,37
9313,39
9314,36
9315,44
9316,48
9317,38
9318,34
9319,43
9320,53
9321,47
9322,50
9323,41
9324,42
9325,37
9326,35
9327,43
9328,49
9329,44
9330,45
9331,49
9332,42
9333,39
9334,41
9335,37
9336,44
9337,32
9338,49
9339,45
9340,50
9341,40
9342,37
9343,49
9344,38
9345,40
9346,44
9347,26
9348,44
9349,38
9350,45
9351,36
9352,33
9353,44
9354,41
9355,36
9356,45
9357,43
9358,35
9359,45
9360,35
9361,39
9362,44
9363,44
9364,46
9365,46
9366,37
9367,38
9368,32
9369,36
9370,39
9371,49
9372,47
9373,44
9374,38
9375,52
9376,45
9377,47
9378,39
9379,35
9380,38
9381,42
9382,47
9383,45
9384,33
9385,46
9386,41
9387,51
9388,40
9389,51
9390,36
9391,49
9392,37
9393,41
9394,51
9395,37
9396,44
9397,42
9398,51
9399,43
9400,40
9401,49
9402,45
9403,46
9404,37
9405,53
9406,47
9407,46
9408,35
9409,39
9410,42
9411,55
9412,37
9413,37
9414,39
9415,39
9416,50
9417,36
9418,49
9419,35
9420,46
9421,44
9422,28
9423,42
9424,46
9425,42
9426,33
9427,49
9428,52
9429,33
9430,32
9431,42
9432,49
9433,38
9434,42
9435,48
9436,42
9437,41
9438,41
9439,53
9440,36
9441,35
9442,44
9443,35
9444,43
9445,33
9446,46
9447,50
9448,50
9449,32
9450,39
9451,39
9452,45
9453,48
9454,36
9455,31
9456,42
9457,45
9458,40
9459,45
9460,45
9461,47
9462,49
9463,55
9464,35
9465,41
9466,50
9467,38
9468,43
9469,46
9470,35
9471,36
9472,45
9473,39
9474,37
9475,39
9476,49
9477,34
9478,28
9479,47
9480,36
9481,47
9482,45
9483,48
9484,34
9485,50
9486,39
9487,42
9488,47
9489,45
9490,36
9491,48
9492,39
9493,43
9494,50
9495,38
9496,37
9497,44
9498,43
9499,42
9500,37
9501,52
9502,45
9503,40
9504,48
9505,47
9506,47
9507,43
9508,39
9509,34
9510,40
9511,38
9512,40
9513,46
9514,45
9515,41
9516,41
9517,49
9518,49
9519,47
9520,48
9521,44
9522,45
9523,44
9524,36
9525,42
9526,39
9527,39
9528,41
9529,54
9530,43
9531,37
9532,40
9533,34
9534,49
9535,44
9536,34
9537,51
9538,45
9539,40
9540,29
9541,48
9542,37
9543,46
9544,41
9545,39
9546,43
9547,54
9548,37
9549,32
9550,40
9551,43
9552,40
9553,29
9554,46
9555,37
9556,49
9557,47
9558,36
9559,58
9560,32
9561,44
9562,36
9563,37
9564,35
9565,48
9566,49
9567,38
9568,50
9569,49
9570,40
9571,40
9572,34
9573,44
9574,56
9575,53
9576,41
9577,41
9578,36
9579,43
9580,39
9581,44
9582,34
9583,36
9584,40
9585,35
9586,41
9587,46
9588,41
9589,57
9590,48
9591,55
9592,34
9593,48
9594,38
9595,41
9596,39
9597,44
9598,40
9599,53
9600,39
9601,36
9602,41
9603,47
9604,42
9605,36
9606,48
9607,37
9608,38
9609,39
9610,43
9611,43
9612,46
9613,32
9614,38
9615,36
9616,39
9617,52
9618,33
9619,47
9620,39
9621,42
9622,46
9623,54
9624,42
9625,43
9626,49
9627,45
9628,37
9629,32
9630,36
9631,43
9632,46
9633,31
9634,39
9635,43
9636,35
9637,45
9638,39
9639,40
9640,34
9641,47
9642,49
9643,34
9644,39
9645,43
9646,33
9647,41
9648,39
9649,52
9650,31
9651,44
9652,43
9653,41
9654,47
9655,42
9656,40
9657,44
9658,46
9659,41
9660,40
9661,34
9662,47
9663,46
9664,46
9665,26
9666,35
9667,41
9668,34
9669,40
9670,41
9671,55
9672,49
9673,52
9674,40
9675,39
9676,41
9677,44
9678,42
9679,38
9680,33
9681,49
9682,43
9683,44
9684,41
9685,45
9686,48
9687,44
9688,40
9689,49
9690,39
9691,41
9692,49
9693,36
9694,39
9695,33
9696,45
9697,46
9698,45
9699,45
9700,42
9701,40
9702,38
9703,41
9704,43
9705,41
9706,52
9707,40
9708,45
9709,46
9710,35
9711,44
9712,52
9713,44
9714,42
9715,37
9716,55
9717,44
9718,45
9719,41
9720,47
9721,40
9722,48
9723,56
9724,46
9725,42
9726,44
9727,38
9728,36
9729,49
9730,58
9731,29
9732,36
9733,47
9734,39
9735,41
9736,35
9737,48
9738,36
9739,41
9740,38
9741,49
9742,49
9743,35
9744,37
9745,41
9746,61
9747,34
9748,33
9749,42
9750,45
9751,40
9752,34
9753,51
9754,43
9755,52
9756,47
9757,38
9758,48
9759,46
9760,50
9761,36
9762,37
9763,42
9764,46
9765,38
9766,35
9767,38
9768,44
9769,33
9770,32
9771,38
9772,41
9773,47
9774,34
9775,41
9776,47
9777,42
9778,47
9779,33
9780,48
9781,37
9782,30
9783,43
9784,54
9785,44
9786,43
9787,43
9788,36
9789,45
9790,39
9791,43
9792,44
9793,41
9794,49
9795,49
9796,37
9797,46
9798,48
9799,49
9800,51
9801,37
9802,37
9803,34
9804,45
9805,51
9806,38
9807,43
9808,38
9809,40
9810,42
9811,43
9812,42
9813,43
9814,37
9815,40
9816,40
9817,49
9818,41
9819,41
9820,40
9821,33
9822,52
9823,40
9824,50
9825,37
9826,49
9827,41
9828,41
9829,38
9830,48
9831,40
9832,42
9833,43
9834,38
9835,37
9836,38
9837,43
9838,57
9839,45
9840,45
9841,43
9842,37
9843,43
9844,38
9845,34
9846,43
9847,47
9848,51
9849,39
9850,38
9851,32
9852,44
9853,48
9854,46
9855,37
9856,44
9857,34
9858,42
9859,42
9860,41
9861,34
9862,37
9863,41
9864,45
9865,31
9866,41
9867,43
9868,34
9869,47
9870,51
9871,52
9872,48
9873,41
9874,42
9875,44
9876,48
9877,33
9878,42
9879,41
9880,48
9881,40
9882,45
9883,36
9884,37
9885,42
9886,43
9887,45
9888,35
9889,33
9890,38
9891,37
9892,44
9893,44
9894,38
9895,41
9896,46
9897,54
9898,45
9899,36
9900,29
9901,50
9902,37
9903,39
9904,49
9905,30
9906,41
9907,42
9908,48
9909,35
9910,33
9911,42
9912,43
9913,48
9914,38
9915,40
9916,37
9917,48
9918,35
9919,36
9920,41
9921,41
9922,35
9923,40
9924,41
9925,40
9926,49
9927,39
9928,43
9929,35
9930,40
9931,36
9932,40
9933,46
9934,45
9935,32
9936,36
9937,45
9938,47
9939,52
9940,37
9941,47
9942,33
9943,34
9944,42
9945,40
9946,44
9947,41
9948,41
9949,45
9950,48
9951,44
9952,46
9953,47
9954,38
9955,45
9956,34
9957,39
9958,38
9959,44
9960,44
9961,34
9962,38
9963,46
9964,39
9965,42
9966,38
9967,47
9968,51
9969,46
9970,48
9971,47
9972,34
9973,46
9974,39
9975,32
9976,37
9977,37
9978,40
9979,39
9980,39
9981,38
9982,38
9983,44
9984,44
9985,37
9986,39
9987,48
9988,39
9989,36
9990,39
9991,38
9992,42
9993,44
9994,49
9995,44
9996,32
9997,42
9998,46
9999,33
10000,34
